Frame,Hand,Landmark,X,Y,Z
2,0,0,0.859944224357605,0.5344619154930115,-3.068887792778696e-07
2,0,1,0.8224016427993774,0.5501182079315186,0.0044442960061132
2,0,2,0.7900845408439636,0.5611343383789062,0.0022834066767245
2,0,3,0.7692432999610901,0.5691003799438477,-0.00240682461299
2,0,4,0.7577887773513794,0.5680132508277893,-0.0070270667783916
2,0,5,0.7758503556251526,0.5175797939300537,0.0023362259380519
2,0,6,0.7483230233192444,0.5377119183540344,-0.0058265561237931
2,0,7,0.7478460073471069,0.5541754961013794,-0.0139552317559719
2,0,8,0.7546335458755493,0.5614753365516663,-0.0188436843454837
2,0,9,0.7826293110847473,0.5165916085243225,-0.0044718128629028
2,0,10,0.7567276358604431,0.5401605367660522,-0.00910359993577
2,0,11,0.7603309750556946,0.5551851987838745,-0.0147719774395227
2,0,12,0.7698119878768921,0.5615485310554504,-0.0195259731262922
2,0,13,0.7926549315452576,0.5190842151641846,-0.0111019471660256
2,0,14,0.7694052457809448,0.5445200204849243,-0.0135765336453914
2,0,15,0.7758939266204834,0.5544853210449219,-0.0114980088546872
2,0,16,0.7860175371170044,0.556656002998352,-0.0108265420421957
2,0,17,0.805483877658844,0.5250428915023804,-0.0175734814256429
2,0,18,0.7842715978622437,0.5434982180595398,-0.016587033867836
2,0,19,0.7870187759399414,0.5505619645118713,-0.0103138796985149
2,0,20,0.7949478626251221,0.5528222322463989,-0.0060062906704843
2,1,0,0.0,0.0,0.0
2,1,1,0.0,0.0,0.0
2,1,2,0.0,0.0,0.0
2,1,3,0.0,0.0,0.0
2,1,4,0.0,0.0,0.0
2,1,5,0.0,0.0,0.0
2,1,6,0.0,0.0,0.0
2,1,7,0.0,0.0,0.0
2,1,8,0.0,0.0,0.0
2,1,9,0.0,0.0,0.0
2,1,10,0.0,0.0,0.0
2,1,11,0.0,0.0,0.0
2,1,12,0.0,0.0,0.0
2,1,13,0.0,0.0,0.0
2,1,14,0.0,0.0,0.0
2,1,15,0.0,0.0,0.0
2,1,16,0.0,0.0,0.0
2,1,17,0.0,0.0,0.0
2,1,18,0.0,0.0,0.0
2,1,19,0.0,0.0,0.0
2,1,20,0.0,0.0,0.0
4,0,0,0.8398818969726562,0.5289311408996582,-1.5523721685895e-07
4,0,1,0.8091457486152649,0.5345166325569153,-0.0064908643253147
4,0,2,0.7810083627700806,0.5323666930198669,-0.0148058710619807
4,0,3,0.7631433010101318,0.5275784134864807,-0.0231890343129634
4,0,4,0.7514219880104065,0.5186657309532166,-0.0309501029551029
4,0,5,0.7693994641304016,0.4942684769630432,-0.0134350759908556
4,0,6,0.7503050565719604,0.4844616949558258,-0.0298363994807004
4,0,7,0.749403715133667,0.4912198483943939,-0.0431634970009326
4,0,8,0.7530785202980042,0.5009929537773132,-0.0508767254650592
4,0,9,0.7843217253684998,0.4830310642719269,-0.0179373379796743
4,0,10,0.7678124904632568,0.472453624010086,-0.0323072783648967
4,0,11,0.7648271918296814,0.4813177287578583,-0.0402358770370483
4,0,12,0.7673225402832031,0.4934999048709869,-0.0445786491036415
4,0,13,0.8036459684371948,0.4762172996997833,-0.0236166529357433
4,0,14,0.7903981804847717,0.4661380052566528,-0.0359841771423816
4,0,15,0.7863421440124512,0.4734551310539245,-0.037475548684597
4,0,16,0.7856709361076355,0.4845341444015503,-0.0371735878288745
4,0,17,0.8266200423240662,0.474161833524704,-0.0298794321715831
4,0,18,0.8180200457572937,0.4629262089729309,-0.039979163557291
4,0,19,0.8117687702178955,0.4651276469230652,-0.0401647686958313
4,0,20,0.8064432144165039,0.4716168642044067,-0.0386189855635166
4,1,0,0.0,0.0,0.0
4,1,1,0.0,0.0,0.0
4,1,2,0.0,0.0,0.0
4,1,3,0.0,0.0,0.0
4,1,4,0.0,0.0,0.0
4,1,5,0.0,0.0,0.0
4,1,6,0.0,0.0,0.0
4,1,7,0.0,0.0,0.0
4,1,8,0.0,0.0,0.0
4,1,9,0.0,0.0,0.0
4,1,10,0.0,0.0,0.0
4,1,11,0.0,0.0,0.0
4,1,12,0.0,0.0,0.0
4,1,13,0.0,0.0,0.0
4,1,14,0.0,0.0,0.0
4,1,15,0.0,0.0,0.0
4,1,16,0.0,0.0,0.0
4,1,17,0.0,0.0,0.0
4,1,18,0.0,0.0,0.0
4,1,19,0.0,0.0,0.0
4,1,20,0.0,0.0,0.0
6,0,0,0.810736358165741,0.4641101658344269,-1.3045092828178897e-07
6,0,1,0.7874505519866943,0.4777967929840088,-0.0161416288465261
6,0,2,0.7590129375457764,0.4807761013507843,-0.0298252888023853
6,0,3,0.7444416880607605,0.4717748463153839,-0.0433470085263252
6,0,4,0.738115131855011,0.4543423950672149,-0.0548627898097038
6,0,5,0.7215874195098877,0.4351292848587036,-0.0138255739584565
6,0,6,0.697631299495697,0.41480553150177,-0.0336844585835933
6,0,7,0.7018947005271912,0.4258868992328644,-0.0482444874942302
6,0,8,0.7117918729782104,0.4377983808517456,-0.0557949356734752
6,0,9,0.7366607189178467,0.4150938987731933,-0.0160324927419424
6,0,10,0.7120662927627563,0.3911014795303345,-0.0349766239523887
6,0,11,0.7183496356010437,0.4037261307239532,-0.0449268445372581
6,0,12,0.7289530038833618,0.4168661534786224,-0.0479151532053947
6,0,13,0.7573336958885193,0.4007637798786163,-0.0211722608655691
6,0,14,0.7342398166656494,0.3778130114078522,-0.0348096415400505
6,0,15,0.7379209995269775,0.3879355192184448,-0.0359469354152679
6,0,16,0.744185745716095,0.3979569971561432,-0.0339254736900329
6,0,17,0.7826542854309082,0.3909803926944732,-0.0281978324055671
6,0,18,0.7667425870895386,0.3699643015861511,-0.0361786745488643
6,0,19,0.7628280520439148,0.3704713881015777,-0.035528901964426
6,0,20,0.7608053684234619,0.3720302283763885,-0.0331191048026084
6,1,0,0.0,0.0,0.0
6,1,1,0.0,0.0,0.0
6,1,2,0.0,0.0,0.0
6,1,3,0.0,0.0,0.0
6,1,4,0.0,0.0,0.0
6,1,5,0.0,0.0,0.0
6,1,6,0.0,0.0,0.0
6,1,7,0.0,0.0,0.0
6,1,8,0.0,0.0,0.0
6,1,9,0.0,0.0,0.0
6,1,10,0.0,0.0,0.0
6,1,11,0.0,0.0,0.0
6,1,12,0.0,0.0,0.0
6,1,13,0.0,0.0,0.0
6,1,14,0.0,0.0,0.0
6,1,15,0.0,0.0,0.0
6,1,16,0.0,0.0,0.0
6,1,17,0.0,0.0,0.0
6,1,18,0.0,0.0,0.0
6,1,19,0.0,0.0,0.0
6,1,20,0.0,0.0,0.0
7,0,0,0.7979065775871277,0.431949257850647,5.822620607887074e-09
7,0,1,0.7760554552078247,0.4458612203598022,-0.0145775824785232
7,0,2,0.7497158646583557,0.4460011124610901,-0.0246231537312269
7,0,3,0.7353453636169434,0.433174192905426,-0.0336210429668426
7,0,4,0.7232424020767212,0.4192290008068084,-0.041379626840353
7,0,5,0.7094513177871704,0.4071981906890869,-0.0106039308011531
7,0,6,0.6843897104263306,0.391903817653656,-0.0229830686002969
7,0,7,0.6790094971656799,0.3872285187244415,-0.0336792878806591
7,0,8,0.6773742437362671,0.383788138628006,-0.0409401319921016
7,0,9,0.7199013233184814,0.386677473783493,-0.0117442049086093
7,0,10,0.6943464279174805,0.3680169284343719,-0.0214247163385152
7,0,11,0.6878963112831116,0.3604665696620941,-0.0286995023488998
7,0,12,0.6848090291023254,0.3541113436222076,-0.0335730873048305
7,0,13,0.736192524433136,0.3717015385627746,-0.0154616357758641
7,0,14,0.7129641771316528,0.3512986600399017,-0.0242963023483753
7,0,15,0.7041333317756653,0.3429659903049469,-0.026298290118575
7,0,16,0.6973001956939697,0.3342708647251129,-0.0275200698524713
7,0,17,0.7583529949188232,0.3602506220340729,-0.0209155566990375
7,0,18,0.7407696843147278,0.3410629630088806,-0.0272083356976509
7,0,19,0.7320526242256165,0.332347571849823,-0.0268485061824321
7,0,20,0.7243616580963135,0.32425057888031,-0.0261495597660541
7,1,0,0.0,0.0,0.0
7,1,1,0.0,0.0,0.0
7,1,2,0.0,0.0,0.0
7,1,3,0.0,0.0,0.0
7,1,4,0.0,0.0,0.0
7,1,5,0.0,0.0,0.0
7,1,6,0.0,0.0,0.0
7,1,7,0.0,0.0,0.0
7,1,8,0.0,0.0,0.0
7,1,9,0.0,0.0,0.0
7,1,10,0.0,0.0,0.0
7,1,11,0.0,0.0,0.0
7,1,12,0.0,0.0,0.0
7,1,13,0.0,0.0,0.0
7,1,14,0.0,0.0,0.0
7,1,15,0.0,0.0,0.0
7,1,16,0.0,0.0,0.0
7,1,17,0.0,0.0,0.0
7,1,18,0.0,0.0,0.0
7,1,19,0.0,0.0,0.0
7,1,20,0.0,0.0,0.0
8,0,0,0.7728134989738464,0.3776797652244568,9.683563462203892e-08
8,0,1,0.7477685809135437,0.3901565968990326,-0.0137669360265135
8,0,2,0.7194770574569702,0.3899599611759186,-0.0229349378496408
8,0,3,0.7014699578285217,0.3780461549758911,-0.0314043201506137
8,0,4,0.6838990449905396,0.3675884902477264,-0.0394662544131279
8,0,5,0.6835619211196899,0.3581767678260803,-0.013068662956357
8,0,6,0.6527524590492249,0.3428739905357361,-0.0263093598186969
8,0,7,0.634722888469696,0.3330752551555633,-0.0375054329633712
8,0,8,0.619551956653595,0.323813259601593,-0.0453116595745086
8,0,9,0.6908686757087708,0.338418036699295,-0.0154677359387278
8,0,10,0.6569836735725403,0.3186096549034118,-0.0270465686917305
8,0,11,0.6356752514839172,0.3057543635368347,-0.0365941822528839
8,0,12,0.6177334785461426,0.2942333221435547,-0.0431766919791698
8,0,13,0.7043132781982422,0.3222264945507049,-0.019933408126235
8,0,14,0.6720762252807617,0.3006075918674469,-0.0305869095027446
8,0,15,0.6513236165046692,0.288125991821289,-0.036857645958662
8,0,16,0.6336841583251953,0.2769159376621246,-0.0409063622355461
8,0,17,0.7237263321876526,0.3082173764705658,-0.0259330049157142
8,0,18,0.6999891996383667,0.2878939509391784,-0.0348745286464691
8,0,19,0.6827635765075684,0.2762086391448974,-0.0379443541169166
8,0,20,0.6679338216781616,0.2662059068679809,-0.0395316779613494
8,1,0,0.0,0.0,0.0
8,1,1,0.0,0.0,0.0
8,1,2,0.0,0.0,0.0
8,1,3,0.0,0.0,0.0
8,1,4,0.0,0.0,0.0
8,1,5,0.0,0.0,0.0
8,1,6,0.0,0.0,0.0
8,1,7,0.0,0.0,0.0
8,1,8,0.0,0.0,0.0
8,1,9,0.0,0.0,0.0
8,1,10,0.0,0.0,0.0
8,1,11,0.0,0.0,0.0
8,1,12,0.0,0.0,0.0
8,1,13,0.0,0.0,0.0
8,1,14,0.0,0.0,0.0
8,1,15,0.0,0.0,0.0
8,1,16,0.0,0.0,0.0
8,1,17,0.0,0.0,0.0
8,1,18,0.0,0.0,0.0
8,1,19,0.0,0.0,0.0
8,1,20,0.0,0.0,0.0
9,0,0,0.754141092300415,0.3420555591583252,1.062312975363966e-07
9,0,1,0.7315381169319153,0.35659059882164,-0.0127180712297558
9,0,2,0.7023615837097168,0.3581885099411011,-0.0197762940078973
9,0,3,0.681676983833313,0.3463974595069885,-0.026236604899168
9,0,4,0.665838897228241,0.33424773812294,-0.0319823436439037
9,0,5,0.6607520580291748,0.3352000415325165,-0.0070385104045271
9,0,6,0.6290064454078674,0.322849690914154,-0.0172604508697986
9,0,7,0.6106849312782288,0.3135565221309662,-0.02637898363173
9,0,8,0.596731960773468,0.3049688935279846,-0.0328553207218647
9,0,9,0.6647865772247314,0.3138562440872192,-0.0084578301757574
9,0,10,0.6309348940849304,0.2986824214458465,-0.0171435885131359
9,0,11,0.6106677651405334,0.2886020243167877,-0.0250829756259918
9,0,12,0.5945742726325989,0.2798744738101959,-0.0304868314415216
9,0,13,0.6754308342933655,0.2952898144721985,-0.0120326438918709
9,0,14,0.6424270272254944,0.2790078818798065,-0.0201893765479326
9,0,15,0.6219320297241211,0.2698439061641693,-0.0256191976368427
9,0,16,0.6049932241439819,0.2617456018924713,-0.0292051564902067
9,0,17,0.6924756765365601,0.2785540521144867,-0.0170564390718936
9,0,18,0.6676676869392395,0.2629660964012146,-0.0240888055413961
9,0,19,0.6508504152297974,0.2547282874584198,-0.0263932887464761
9,0,20,0.6366313099861145,0.2478312253952026,-0.0274658538401126
9,1,0,0.0,0.0,0.0
9,1,1,0.0,0.0,0.0
9,1,2,0.0,0.0,0.0
9,1,3,0.0,0.0,0.0
9,1,4,0.0,0.0,0.0
9,1,5,0.0,0.0,0.0
9,1,6,0.0,0.0,0.0
9,1,7,0.0,0.0,0.0
9,1,8,0.0,0.0,0.0
9,1,9,0.0,0.0,0.0
9,1,10,0.0,0.0,0.0
9,1,11,0.0,0.0,0.0
9,1,12,0.0,0.0,0.0
9,1,13,0.0,0.0,0.0
9,1,14,0.0,0.0,0.0
9,1,15,0.0,0.0,0.0
9,1,16,0.0,0.0,0.0
9,1,17,0.0,0.0,0.0
9,1,18,0.0,0.0,0.0
9,1,19,0.0,0.0,0.0
9,1,20,0.0,0.0,0.0
12,0,0,0.7003809213638306,0.2926605343818664,1.8969622317399626e-07
12,0,1,0.6780204176902771,0.308125227689743,-0.0140568623319268
12,0,2,0.6514840722084045,0.3113583624362945,-0.0229966696351766
12,0,3,0.6298352479934692,0.296185165643692,-0.0309060961008071
12,0,4,0.6163895726203918,0.2799078226089477,-0.038264013826847
12,0,5,0.6117262244224548,0.3026191294193268,-0.0124093769118189
12,0,6,0.5761430263519287,0.2979825437068939,-0.0251551941037178
12,0,7,0.5540234446525574,0.2921366095542907,-0.0359300710260868
12,0,8,0.5351505875587463,0.2854392528533935,-0.043414156883955
12,0,9,0.6118854284286499,0.2811618447303772,-0.0135224573314189
12,0,10,0.573763370513916,0.2741215527057647,-0.0236628446727991
12,0,11,0.5486343502998352,0.2678684592247009,-0.0327278450131416
12,0,12,0.526023268699646,0.2617580592632293,-0.0390337891876697
12,0,13,0.6189046502113342,0.2618295848369598,-0.0164822023361921
12,0,14,0.5827211737632751,0.2536405920982361,-0.0253950487822294
12,0,15,0.5609034895896912,0.2490941286087036,-0.0304933618754148
12,0,16,0.5425218939781189,0.2454483956098556,-0.0336060672998428
12,0,17,0.6319050192832947,0.2430497705936432,-0.0210183374583721
12,0,18,0.6030026078224182,0.2347827553749084,-0.0279554408043622
12,0,19,0.5845305919647217,0.2306381464004516,-0.0295481290668249
12,0,20,0.5688493251800537,0.2276427447795868,-0.0300161577761173
12,1,0,0.0,0.0,0.0
12,1,1,0.0,0.0,0.0
12,1,2,0.0,0.0,0.0
12,1,3,0.0,0.0,0.0
12,1,4,0.0,0.0,0.0
12,1,5,0.0,0.0,0.0
12,1,6,0.0,0.0,0.0
12,1,7,0.0,0.0,0.0
12,1,8,0.0,0.0,0.0
12,1,9,0.0,0.0,0.0
12,1,10,0.0,0.0,0.0
12,1,11,0.0,0.0,0.0
12,1,12,0.0,0.0,0.0
12,1,13,0.0,0.0,0.0
12,1,14,0.0,0.0,0.0
12,1,15,0.0,0.0,0.0
12,1,16,0.0,0.0,0.0
12,1,17,0.0,0.0,0.0
12,1,18,0.0,0.0,0.0
12,1,19,0.0,0.0,0.0
12,1,20,0.0,0.0,0.0
14,0,0,0.6919854879379272,0.2841345369815826,1.2418428241289805e-07
14,0,1,0.6713983416557312,0.3014422059059143,-0.0120354387909173
14,0,2,0.6452374458312988,0.3064213097095489,-0.0185948684811592
14,0,3,0.6236045956611633,0.2954003810882568,-0.0243313573300838
14,0,4,0.6069742441177368,0.2868415713310241,-0.0293126311153173
14,0,5,0.6040438413619995,0.2974800169467926,-0.0083078444004058
14,0,6,0.5698853731155396,0.2928780019283294,-0.0185664370656013
14,0,7,0.5488648414611816,0.2876843810081482,-0.0277872830629348
14,0,8,0.5313423275947571,0.2824375927448272,-0.0342261679470539
14,0,9,0.6042889952659607,0.2766656875610351,-0.0095391618087887
14,0,10,0.5680080652236938,0.2707282900810241,-0.0175053030252456
14,0,11,0.5443994998931885,0.2664003670215606,-0.0253542754799127
14,0,12,0.5236997008323669,0.2628139853477478,-0.0308330990374088
14,0,13,0.6110071539878845,0.2575732767581939,-0.0125255146995186
14,0,14,0.5764358639717102,0.2503140568733215,-0.0196663457900285
14,0,15,0.5555421113967896,0.2463071197271347,-0.0243646167218685
14,0,16,0.5376873016357422,0.2434861958026886,-0.0273263454437255
14,0,17,0.6234443783760071,0.2391340732574463,-0.0169031340628862
14,0,18,0.595782995223999,0.2315307557582855,-0.0229247286915779
14,0,19,0.5781281590461731,0.2278834730386734,-0.0243445355445146
14,0,20,0.5630287528038025,0.2252632975578308,-0.0246431790292263
14,1,0,0.0,0.0,0.0
14,1,1,0.0,0.0,0.0
14,1,2,0.0,0.0,0.0
14,1,3,0.0,0.0,0.0
14,1,4,0.0,0.0,0.0
14,1,5,0.0,0.0,0.0
14,1,6,0.0,0.0,0.0
14,1,7,0.0,0.0,0.0
14,1,8,0.0,0.0,0.0
14,1,9,0.0,0.0,0.0
14,1,10,0.0,0.0,0.0
14,1,11,0.0,0.0,0.0
14,1,12,0.0,0.0,0.0
14,1,13,0.0,0.0,0.0
14,1,14,0.0,0.0,0.0
14,1,15,0.0,0.0,0.0
14,1,16,0.0,0.0,0.0
14,1,17,0.0,0.0,0.0
14,1,18,0.0,0.0,0.0
14,1,19,0.0,0.0,0.0
14,1,20,0.0,0.0,0.0
15,0,0,0.6924232244491577,0.2803057730197906,1.1825360957118393e-07
15,0,1,0.6704745888710022,0.2962220907211303,-0.0131243765354156
15,0,2,0.6430205702781677,0.3019257187843323,-0.0199448205530643
15,0,3,0.6203325390815735,0.2914070785045624,-0.0258660018444061
15,0,4,0.6041936874389648,0.2813712656497955,-0.0307902339845895
15,0,5,0.6049018502235413,0.2932626605033874,-0.0079366257414221
15,0,6,0.5693715810775757,0.2893169820308685,-0.0176977608352899
15,0,7,0.5473083257675171,0.2858349084854126,-0.0263166204094886
15,0,8,0.528692901134491,0.282555878162384,-0.0325253158807754
15,0,9,0.6040509343147278,0.273527592420578,-0.008405883796513
15,0,10,0.5669373869895935,0.2687427699565887,-0.0165052283555269
15,0,11,0.5429302453994751,0.2649073004722595,-0.0237488094717264
15,0,12,0.5212631225585938,0.2622439563274383,-0.0286982487887144
15,0,13,0.610389232635498,0.255064845085144,-0.0108441961929202
15,0,14,0.5739749073982239,0.2490845024585724,-0.0182862803339958
15,0,15,0.5532020330429077,0.245601549744606,-0.0223602093756198
15,0,16,0.5349951982498169,0.2439146339893341,-0.0247421525418758
15,0,17,0.6226481199264526,0.2369769662618637,-0.0148143181577324
15,0,18,0.594924807548523,0.2293207645416259,-0.0210245512425899
15,0,19,0.5768056511878967,0.2253285944461822,-0.0224594604223966
15,0,20,0.5609684586524963,0.2227877527475357,-0.0227287635207176
15,1,0,0.0,0.0,0.0
15,1,1,0.0,0.0,0.0
15,1,2,0.0,0.0,0.0
15,1,3,0.0,0.0,0.0
15,1,4,0.0,0.0,0.0
15,1,5,0.0,0.0,0.0
15,1,6,0.0,0.0,0.0
15,1,7,0.0,0.0,0.0
15,1,8,0.0,0.0,0.0
15,1,9,0.0,0.0,0.0
15,1,10,0.0,0.0,0.0
15,1,11,0.0,0.0,0.0
15,1,12,0.0,0.0,0.0
15,1,13,0.0,0.0,0.0
15,1,14,0.0,0.0,0.0
15,1,15,0.0,0.0,0.0
15,1,16,0.0,0.0,0.0
15,1,17,0.0,0.0,0.0
15,1,18,0.0,0.0,0.0
15,1,19,0.0,0.0,0.0
15,1,20,0.0,0.0,0.0
16,0,0,0.6904734969139099,0.277521550655365,9.932464450912448e-08
16,0,1,0.6700809001922607,0.2962695360183716,-0.0129542965441942
16,0,2,0.6434351801872253,0.3016067743301391,-0.0198768656700849
16,0,3,0.6196689009666443,0.2910844087600708,-0.0258421804755926
16,0,4,0.6025311350822449,0.2841792404651642,-0.0309418700635433
16,0,5,0.6040412783622742,0.2910645008087158,-0.0097508030012249
16,0,6,0.5684425234794617,0.288281500339508,-0.0204999707639217
16,0,7,0.5470967292785645,0.2834378778934479,-0.0297499112784862
16,0,8,0.5295668244361877,0.2781652808189392,-0.0360791012644767
16,0,9,0.6019123196601868,0.2704342007637024,-0.0103919617831707
16,0,10,0.5631749033927917,0.2666690051555633,-0.0186394844204187
16,0,11,0.5389660596847534,0.2635397613048553,-0.0263228807598352
16,0,12,0.5181863903999329,0.2607294917106628,-0.0315900407731533
16,0,13,0.6066206097602844,0.2515763938426971,-0.0127895660698413
16,0,14,0.5707842707633972,0.2460174858570099,-0.0198494922369718
16,0,15,0.5494452714920044,0.2433650642633438,-0.0242062099277973
16,0,16,0.5313582420349121,0.2416677474975586,-0.0270360745489597
16,0,17,0.6176633834838867,0.2337998002767563,-0.0167375970631837
16,0,18,0.5901937484741211,0.2272829413414001,-0.0224264319986104
16,0,19,0.5728530883789062,0.2244846373796463,-0.0237039811909198
16,0,20,0.5578520894050598,0.2225224673748016,-0.0240142606198787
16,1,0,0.0,0.0,0.0
16,1,1,0.0,0.0,0.0
16,1,2,0.0,0.0,0.0
16,1,3,0.0,0.0,0.0
16,1,4,0.0,0.0,0.0
16,1,5,0.0,0.0,0.0
16,1,6,0.0,0.0,0.0
16,1,7,0.0,0.0,0.0
16,1,8,0.0,0.0,0.0
16,1,9,0.0,0.0,0.0
16,1,10,0.0,0.0,0.0
16,1,11,0.0,0.0,0.0
16,1,12,0.0,0.0,0.0
16,1,13,0.0,0.0,0.0
16,1,14,0.0,0.0,0.0
16,1,15,0.0,0.0,0.0
16,1,16,0.0,0.0,0.0
16,1,17,0.0,0.0,0.0
16,1,18,0.0,0.0,0.0
16,1,19,0.0,0.0,0.0
16,1,20,0.0,0.0,0.0
17,0,0,0.6889565587043762,0.2765337228775024,9.80070069545036e-08
17,0,1,0.6682027578353882,0.2960560321807861,-0.0117617715150117
17,0,2,0.6409243941307068,0.3026701211929321,-0.0178783684968948
17,0,3,0.6171188950538635,0.2950319349765777,-0.0232672374695539
17,0,4,0.5978258848190308,0.2925781011581421,-0.0277606789022684
17,0,5,0.6001035571098328,0.2908254563808441,-0.0073296693153679
17,0,6,0.5649220943450928,0.2872186601161957,-0.0172811672091484
17,0,7,0.543745219707489,0.2833133041858673,-0.0261820666491985
17,0,8,0.5260744094848633,0.2790380716323852,-0.0322915837168693
17,0,9,0.5992582440376282,0.2712579071521759,-0.0083642238751053
17,0,10,0.561493992805481,0.267000287771225,-0.0161521807312965
17,0,11,0.5371422171592712,0.2638738453388214,-0.0235549043864011
17,0,12,0.5158491730690002,0.260864108800888,-0.0285799670964479
17,0,13,0.605056643486023,0.2531631588935852,-0.0112034641206264
17,0,14,0.5703017711639404,0.2476595938205719,-0.0181236211210489
17,0,15,0.5489514470100403,0.2448404431343078,-0.0221558809280395
17,0,16,0.5307437777519226,0.2426600307226181,-0.0245856679975986
17,0,17,0.6167812943458557,0.2353740334510803,-0.0155012737959623
17,0,18,0.5891865491867065,0.2282688617706298,-0.0210675187408924
17,0,19,0.5718832612037659,0.2252477556467056,-0.0219900701195001
17,0,20,0.5569508075714111,0.2227739691734314,-0.0219272915273904
17,1,0,0.0,0.0,0.0
17,1,1,0.0,0.0,0.0
17,1,2,0.0,0.0,0.0
17,1,3,0.0,0.0,0.0
17,1,4,0.0,0.0,0.0
17,1,5,0.0,0.0,0.0
17,1,6,0.0,0.0,0.0
17,1,7,0.0,0.0,0.0
17,1,8,0.0,0.0,0.0
17,1,9,0.0,0.0,0.0
17,1,10,0.0,0.0,0.0
17,1,11,0.0,0.0,0.0
17,1,12,0.0,0.0,0.0
17,1,13,0.0,0.0,0.0
17,1,14,0.0,0.0,0.0
17,1,15,0.0,0.0,0.0
17,1,16,0.0,0.0,0.0
17,1,17,0.0,0.0,0.0
17,1,18,0.0,0.0,0.0
17,1,19,0.0,0.0,0.0
17,1,20,0.0,0.0,0.0
18,0,0,0.6908848285675049,0.2774258852005005,7.317023431596682e-08
18,0,1,0.6689212322235107,0.2967247366905212,-0.0116961179301142
18,0,2,0.6412734985351562,0.303779274225235,-0.0183211117982864
18,0,3,0.6174748539924622,0.2967869937419891,-0.0242913123220205
18,0,4,0.5996870398521423,0.290500283241272,-0.0292327739298343
18,0,5,0.6003426909446716,0.2899509966373443,-0.0073345694690942
18,0,6,0.5643191933631897,0.2866680324077606,-0.0167839303612709
18,0,7,0.5438525676727295,0.2838086783885956,-0.0252699293196201
18,0,8,0.5269158482551575,0.2809166014194488,-0.0311428550630807
18,0,9,0.5992790460586548,0.269869714975357,-0.0085945902392268
18,0,10,0.5600706338882446,0.2665644288063049,-0.0159360133111476
18,0,11,0.5362960696220398,0.2650563418865204,-0.0228030253201723
18,0,12,0.5159311294555664,0.2640341520309448,-0.0274075772613286
18,0,13,0.6048550605773926,0.2509666383266449,-0.0115998834371566
18,0,14,0.5681774020195007,0.2457880973815918,-0.0180072169750928
18,0,15,0.5475616455078125,0.2439367026090622,-0.0207432322204113
18,0,16,0.530048131942749,0.2430671751499176,-0.0223125927150249
18,0,17,0.6167017221450806,0.2328800857067108,-0.0161260738968849
18,0,18,0.5878143310546875,0.226421371102333,-0.0209600925445556
18,0,19,0.5702043771743774,0.2238032072782516,-0.0206355899572372
18,0,20,0.5551763772964478,0.2216679155826568,-0.0196504518389701
18,1,0,0.0,0.0,0.0
18,1,1,0.0,0.0,0.0
18,1,2,0.0,0.0,0.0
18,1,3,0.0,0.0,0.0
18,1,4,0.0,0.0,0.0
18,1,5,0.0,0.0,0.0
18,1,6,0.0,0.0,0.0
18,1,7,0.0,0.0,0.0
18,1,8,0.0,0.0,0.0
18,1,9,0.0,0.0,0.0
18,1,10,0.0,0.0,0.0
18,1,11,0.0,0.0,0.0
18,1,12,0.0,0.0,0.0
18,1,13,0.0,0.0,0.0
18,1,14,0.0,0.0,0.0
18,1,15,0.0,0.0,0.0
18,1,16,0.0,0.0,0.0
18,1,17,0.0,0.0,0.0
18,1,18,0.0,0.0,0.0
18,1,19,0.0,0.0,0.0
18,1,20,0.0,0.0,0.0
19,0,0,0.691512942314148,0.2749766707420349,8.67432135009949e-08
19,0,1,0.6686288118362427,0.2932259142398834,-0.0108229266479611
19,0,2,0.639984130859375,0.3008619844913482,-0.0161162838339805
19,0,3,0.615842878818512,0.2936360239982605,-0.0209026075899601
19,0,4,0.5981394052505493,0.2871213555335998,-0.0245657190680503
19,0,5,0.5986288189888,0.2890586853027344,-0.0037494602147489
19,0,6,0.5639569163322449,0.2861441969871521,-0.0114998426288366
19,0,7,0.5442312359809875,0.2832688987255096,-0.0192843992263078
19,0,8,0.527187168598175,0.2807348370552063,-0.024958424270153
19,0,9,0.5972716808319092,0.2689985334873199,-0.0050414279103279
19,0,10,0.5589778423309326,0.2641765773296356,-0.0105440644547343
19,0,11,0.5362937450408936,0.2610973119735718,-0.0166211016476154
19,0,12,0.5167631506919861,0.2588260471820831,-0.021019160747528
19,0,13,0.6025629639625549,0.2506078779697418,-0.0082495007663965
19,0,14,0.5672969818115234,0.2451796382665634,-0.0129750911146402
19,0,15,0.5476072430610657,0.2428343445062637,-0.0152690671384334
19,0,16,0.5308458805084229,0.2414562106132507,-0.0169455707073211
19,0,17,0.6138789057731628,0.2327871322631836,-0.013053654693067
19,0,18,0.5853169560432434,0.2268389165401458,-0.0162111558020114
19,0,19,0.5686201453208923,0.2239038199186325,-0.0152398012578487
19,0,20,0.5543715953826904,0.2213332951068878,-0.0142700523138046
19,1,0,0.0,0.0,0.0
19,1,1,0.0,0.0,0.0
19,1,2,0.0,0.0,0.0
19,1,3,0.0,0.0,0.0
19,1,4,0.0,0.0,0.0
19,1,5,0.0,0.0,0.0
19,1,6,0.0,0.0,0.0
19,1,7,0.0,0.0,0.0
19,1,8,0.0,0.0,0.0
19,1,9,0.0,0.0,0.0
19,1,10,0.0,0.0,0.0
19,1,11,0.0,0.0,0.0
19,1,12,0.0,0.0,0.0
19,1,13,0.0,0.0,0.0
19,1,14,0.0,0.0,0.0
19,1,15,0.0,0.0,0.0
19,1,16,0.0,0.0,0.0
19,1,17,0.0,0.0,0.0
19,1,18,0.0,0.0,0.0
19,1,19,0.0,0.0,0.0
19,1,20,0.0,0.0,0.0
22,0,0,0.6878798007965088,0.2756117284297943,8.727000988528746e-08
22,0,1,0.6656237244606018,0.2950443029403686,-0.0110194189473986
22,0,2,0.6370184421539307,0.3028587996959686,-0.0166722424328327
22,0,3,0.612002968788147,0.2946701645851135,-0.0216375645250082
22,0,4,0.5925292372703552,0.2873235940933227,-0.0254235845059156
22,0,5,0.5978448390960693,0.2913688421249389,-0.0055303145200014
22,0,6,0.5627108216285706,0.287773460149765,-0.0143381766974926
22,0,7,0.542262613773346,0.2840488255023956,-0.0224392917007207
22,0,8,0.5251014232635498,0.2801911234855652,-0.0280944388359785
22,0,9,0.5967372059822083,0.2712782025337219,-0.0065193600021302
22,0,10,0.5587939620018005,0.2667606770992279,-0.0129116997122764
22,0,11,0.5357633233070374,0.2634678781032562,-0.019213693216443
22,0,12,0.5159372091293335,0.26019287109375,-0.0236130598932504
22,0,13,0.6021339893341064,0.2526270449161529,-0.009273069910705
22,0,14,0.5666939616203308,0.2463633716106414,-0.0150304120033979
22,0,15,0.5469309091567993,0.2436622232198715,-0.0175893567502498
22,0,16,0.5302273631095886,0.2417346686124801,-0.0191793944686651
22,0,17,0.6137926578521729,0.2346942126750946,-0.0134943732991814
22,0,18,0.5859670639038086,0.2279902100563049,-0.0179962310940027
22,0,19,0.5688840746879578,0.2252157330513,-0.0177126042544841
22,0,20,0.5543121099472046,0.2228685617446899,-0.0168420616537332
22,1,0,0.0,0.0,0.0
22,1,1,0.0,0.0,0.0
22,1,2,0.0,0.0,0.0
22,1,3,0.0,0.0,0.0
22,1,4,0.0,0.0,0.0
22,1,5,0.0,0.0,0.0
22,1,6,0.0,0.0,0.0
22,1,7,0.0,0.0,0.0
22,1,8,0.0,0.0,0.0
22,1,9,0.0,0.0,0.0
22,1,10,0.0,0.0,0.0
22,1,11,0.0,0.0,0.0
22,1,12,0.0,0.0,0.0
22,1,13,0.0,0.0,0.0
22,1,14,0.0,0.0,0.0
22,1,15,0.0,0.0,0.0
22,1,16,0.0,0.0,0.0
22,1,17,0.0,0.0,0.0
22,1,18,0.0,0.0,0.0
22,1,19,0.0,0.0,0.0
22,1,20,0.0,0.0,0.0
23,0,0,0.6863589882850647,0.279261976480484,9.64598854125143e-08
23,0,1,0.6651045680046082,0.2982545495033264,-0.0110110454261302
23,0,2,0.6386600136756897,0.3042673170566559,-0.0171877648681402
23,0,3,0.6161363124847412,0.2929414808750152,-0.022646889090538
23,0,4,0.6012123823165894,0.2836540341377258,-0.0272049102932214
23,0,5,0.5968768000602722,0.2930858731269836,-0.0068139918148517
23,0,6,0.5623536109924316,0.2888044714927673,-0.015519113279879
23,0,7,0.5420465469360352,0.2844999432563782,-0.0236964728683233
23,0,8,0.5252606868743896,0.2802628576755523,-0.0295736398547887
23,0,9,0.5954373478889465,0.2722025215625763,-0.0080085201188921
23,0,10,0.5584566593170166,0.267361581325531,-0.0139838270843029
23,0,11,0.5360527038574219,0.2640007138252258,-0.0205407943576574
23,0,12,0.5168850421905518,0.261113166809082,-0.0254023224115371
23,0,13,0.6008478999137878,0.2533515691757202,-0.0108194192871451
23,0,14,0.5667782425880432,0.2469547092914581,-0.0157510749995708
23,0,15,0.5470451712608337,0.2437559217214584,-0.019084895029664
23,0,16,0.530268132686615,0.2417435199022293,-0.0216608978807926
23,0,17,0.6127648949623108,0.2358255386352539,-0.0150797525420784
23,0,18,0.5862883925437927,0.2290653586387634,-0.0189936310052871
23,0,19,0.5696097612380981,0.2259519398212433,-0.0192846953868865
23,0,20,0.555275559425354,0.2236340045928955,-0.0191615261137485
23,1,0,0.0,0.0,0.0
23,1,1,0.0,0.0,0.0
23,1,2,0.0,0.0,0.0
23,1,3,0.0,0.0,0.0
23,1,4,0.0,0.0,0.0
23,1,5,0.0,0.0,0.0
23,1,6,0.0,0.0,0.0
23,1,7,0.0,0.0,0.0
23,1,8,0.0,0.0,0.0
23,1,9,0.0,0.0,0.0
23,1,10,0.0,0.0,0.0
23,1,11,0.0,0.0,0.0
23,1,12,0.0,0.0,0.0
23,1,13,0.0,0.0,0.0
23,1,14,0.0,0.0,0.0
23,1,15,0.0,0.0,0.0
23,1,16,0.0,0.0,0.0
23,1,17,0.0,0.0,0.0
23,1,18,0.0,0.0,0.0
23,1,19,0.0,0.0,0.0
23,1,20,0.0,0.0,0.0
25,0,0,0.6865664124488831,0.2789360582828522,7.465659024319393e-08
25,0,1,0.6624958515167236,0.3009658455848694,-0.0070758522488176
25,0,2,0.6306272745132446,0.3088237047195434,-0.0103949047625064
25,0,3,0.6042746901512146,0.3019698560237884,-0.013694274239242
25,0,4,0.5851881504058838,0.2954973578453064,-0.0162481311708688
25,0,5,0.5976747274398804,0.2925798892974853,-0.0023298684973269
25,0,6,0.5625970363616943,0.2888386249542236,-0.0100638261064887
25,0,7,0.5418446660041809,0.2856066823005676,-0.0172983147203922
25,0,8,0.5244218111038208,0.2827572226524353,-0.0223380029201507
25,0,9,0.5975846648216248,0.2725133299827575,-0.0049531133845448
25,0,10,0.5602881908416748,0.268260508775711,-0.010303558781743
25,0,11,0.5371876955032349,0.2658802568912506,-0.0163733921945095
25,0,12,0.5173008441925049,0.2636894881725311,-0.0207113772630691
25,0,13,0.6032721996307373,0.2540872395038605,-0.0089495126157999
25,0,14,0.5689272284507751,0.2480997145175933,-0.013645994476974
25,0,15,0.5493584871292114,0.2455002963542938,-0.0163736306130886
25,0,16,0.5332109332084656,0.2441335916519165,-0.0182693824172019
25,0,17,0.6148383021354675,0.2365591377019882,-0.0140533549711108
25,0,18,0.587770938873291,0.229950949549675,-0.0176898557692766
25,0,19,0.5706342458724976,0.2273638248443603,-0.0174316056072711
25,0,20,0.5561676025390625,0.2257230579853058,-0.016749482601881
25,1,0,0.0,0.0,0.0
25,1,1,0.0,0.0,0.0
25,1,2,0.0,0.0,0.0
25,1,3,0.0,0.0,0.0
25,1,4,0.0,0.0,0.0
25,1,5,0.0,0.0,0.0
25,1,6,0.0,0.0,0.0
25,1,7,0.0,0.0,0.0
25,1,8,0.0,0.0,0.0
25,1,9,0.0,0.0,0.0
25,1,10,0.0,0.0,0.0
25,1,11,0.0,0.0,0.0
25,1,12,0.0,0.0,0.0
25,1,13,0.0,0.0,0.0
25,1,14,0.0,0.0,0.0
25,1,15,0.0,0.0,0.0
25,1,16,0.0,0.0,0.0
25,1,17,0.0,0.0,0.0
25,1,18,0.0,0.0,0.0
25,1,19,0.0,0.0,0.0
25,1,20,0.0,0.0,0.0
26,0,0,0.6842934489250183,0.2840063273906708,7.091755094279506e-08
26,0,1,0.6589969992637634,0.3040523827075958,-0.0063605839386582
26,0,2,0.6281447410583496,0.3100982308387756,-0.0097029460594058
26,0,3,0.6039128303527832,0.3019053936004638,-0.0132211614400148
26,0,4,0.5854621529579163,0.2949022352695465,-0.0161842685192823
26,0,5,0.5959367752075195,0.2933906614780426,-0.0021802589762955
26,0,6,0.5616621375083923,0.2894713878631592,-0.0101373894140124
26,0,7,0.5410981774330139,0.2863914668560028,-0.0174676142632961
26,0,8,0.5240296125411987,0.283601850271225,-0.0225152131170034
26,0,9,0.5966626405715942,0.2738990485668182,-0.0052029732614755
26,0,10,0.5599249601364136,0.269028753042221,-0.0110189542174339
26,0,11,0.5370817184448242,0.2656683921813965,-0.0171561725437641
26,0,12,0.5178453922271729,0.2628141343593597,-0.0214113574475049
26,0,13,0.6032193303108215,0.2557976841926574,-0.0095955310389399
26,0,14,0.5686933398246765,0.2499159723520279,-0.0149475969374179
26,0,15,0.5479581356048584,0.2468472421169281,-0.0182482916861772
26,0,16,0.5310862064361572,0.2451449334621429,-0.0203778352588415
26,0,17,0.6152743101119995,0.2378595024347305,-0.0149711482226848
26,0,18,0.587740421295166,0.2310359477996826,-0.0192517060786485
26,0,19,0.5703997611999512,0.2284347116947174,-0.0194591488689184
26,0,20,0.5561230778694153,0.2267919033765792,-0.0190401673316955
26,1,0,0.0,0.0,0.0
26,1,1,0.0,0.0,0.0
26,1,2,0.0,0.0,0.0
26,1,3,0.0,0.0,0.0
26,1,4,0.0,0.0,0.0
26,1,5,0.0,0.0,0.0
26,1,6,0.0,0.0,0.0
26,1,7,0.0,0.0,0.0
26,1,8,0.0,0.0,0.0
26,1,9,0.0,0.0,0.0
26,1,10,0.0,0.0,0.0
26,1,11,0.0,0.0,0.0
26,1,12,0.0,0.0,0.0
26,1,13,0.0,0.0,0.0
26,1,14,0.0,0.0,0.0
26,1,15,0.0,0.0,0.0
26,1,16,0.0,0.0,0.0
26,1,17,0.0,0.0,0.0
26,1,18,0.0,0.0,0.0
26,1,19,0.0,0.0,0.0
26,1,20,0.0,0.0,0.0
28,0,0,0.6852847933769226,0.2825074195861816,1.1004242850276569e-07
28,0,1,0.6642166972160339,0.3034036159515381,-0.0096657983958721
28,0,2,0.634421169757843,0.3095164895057678,-0.0145124532282352
28,0,3,0.6099158525466919,0.3009199798107147,-0.0188736040145158
28,0,4,0.5906198024749756,0.2948207259178161,-0.0225052256137132
28,0,5,0.5991221070289612,0.294431209564209,-0.0065124602988362
28,0,6,0.5644317269325256,0.2900996804237366,-0.0159039832651615
28,0,7,0.5429077744483948,0.2863194942474365,-0.0240594185888767
28,0,8,0.5252173542976379,0.282568097114563,-0.0295641291886568
28,0,9,0.5992456078529358,0.2750510573387146,-0.0083992322906851
28,0,10,0.561211109161377,0.2705227732658386,-0.0156813543289899
28,0,11,0.5363228917121887,0.2680229842662811,-0.0227190162986516
28,0,12,0.5148711800575256,0.2657803893089294,-0.0274081248790025
28,0,13,0.6057049632072449,0.2569766938686371,-0.011772253550589
28,0,14,0.5696230530738831,0.2508018016815185,-0.0184112843126058
28,0,15,0.5484408736228943,0.2476837337017059,-0.0223648119717836
28,0,16,0.5307422876358032,0.2454232573509216,-0.0246674250811338
28,0,17,0.6180292367935181,0.2395648062229156,-0.0163216795772314
28,0,18,0.5900460481643677,0.23188316822052,-0.0218733977526426
28,0,19,0.5721504092216492,0.228531152009964,-0.0228331945836544
28,0,20,0.5569273233413696,0.2258775532245636,-0.0226885974407196
28,1,0,0.0,0.0,0.0
28,1,1,0.0,0.0,0.0
28,1,2,0.0,0.0,0.0
28,1,3,0.0,0.0,0.0
28,1,4,0.0,0.0,0.0
28,1,5,0.0,0.0,0.0
28,1,6,0.0,0.0,0.0
28,1,7,0.0,0.0,0.0
28,1,8,0.0,0.0,0.0
28,1,9,0.0,0.0,0.0
28,1,10,0.0,0.0,0.0
28,1,11,0.0,0.0,0.0
28,1,12,0.0,0.0,0.0
28,1,13,0.0,0.0,0.0
28,1,14,0.0,0.0,0.0
28,1,15,0.0,0.0,0.0
28,1,16,0.0,0.0,0.0
28,1,17,0.0,0.0,0.0
28,1,18,0.0,0.0,0.0
28,1,19,0.0,0.0,0.0
28,1,20,0.0,0.0,0.0
29,0,0,0.6858575344085693,0.2824246287345886,1.1744061367835457e-07
29,0,1,0.6657763123512268,0.3009306192398071,-0.0117936413735151
29,0,2,0.6391056180000305,0.3076121211051941,-0.0188412126153707
29,0,3,0.6167615056037903,0.2966030240058899,-0.0251924879848957
29,0,4,0.6000690460205078,0.2868445217609405,-0.0309031903743743
29,0,5,0.6001434326171875,0.2961413562297821,-0.0093892961740493
29,0,6,0.5660064816474915,0.2924460172653198,-0.0199739374220371
29,0,7,0.5451884269714355,0.2881441414356231,-0.029230061918497
29,0,8,0.5274039506912231,0.2834371328353882,-0.0357355028390884
29,0,9,0.600416362285614,0.2765004932880401,-0.0108863608911633
29,0,10,0.5635275840759277,0.2721335291862488,-0.0195146147161722
29,0,11,0.5390526056289673,0.2688886523246765,-0.027499908581376
29,0,12,0.5166614651679993,0.2658319473266601,-0.033071506768465
29,0,13,0.6073081493377686,0.2583613097667694,-0.0140286963433027
29,0,14,0.5718768239021301,0.2521753311157226,-0.021750159561634
29,0,15,0.5509212613105774,0.2485978454351425,-0.026295531541109
29,0,16,0.5327399373054504,0.2460609674453735,-0.0290348231792449
29,0,17,0.619860053062439,0.2407534718513488,-0.0185164380818605
29,0,18,0.5913645625114441,0.2339331656694412,-0.0250721424818038
29,0,19,0.5729522705078125,0.2304493635892868,-0.026723550632596
29,0,20,0.556882917881012,0.2275788187980651,-0.0271180905401706
29,1,0,0.0,0.0,0.0
29,1,1,0.0,0.0,0.0
29,1,2,0.0,0.0,0.0
29,1,3,0.0,0.0,0.0
29,1,4,0.0,0.0,0.0
29,1,5,0.0,0.0,0.0
29,1,6,0.0,0.0,0.0
29,1,7,0.0,0.0,0.0
29,1,8,0.0,0.0,0.0
29,1,9,0.0,0.0,0.0
29,1,10,0.0,0.0,0.0
29,1,11,0.0,0.0,0.0
29,1,12,0.0,0.0,0.0
29,1,13,0.0,0.0,0.0
29,1,14,0.0,0.0,0.0
29,1,15,0.0,0.0,0.0
29,1,16,0.0,0.0,0.0
29,1,17,0.0,0.0,0.0
29,1,18,0.0,0.0,0.0
29,1,19,0.0,0.0,0.0
29,1,20,0.0,0.0,0.0
31,0,0,0.6824237108230591,0.28304523229599,1.0815813311637613e-07
31,0,1,0.6607344746589661,0.3061511814594269,-0.0082725696265697
31,0,2,0.6308317184448242,0.3143183887004852,-0.0130640566349029
31,0,3,0.6065816879272461,0.3068130016326904,-0.0176960434764623
31,0,4,0.5882243514060974,0.298284113407135,-0.0219549238681793
31,0,5,0.6011755466461182,0.2976559400558471,-0.0068211974576115
31,0,6,0.5681942701339722,0.2936124205589294,-0.0171560980379581
31,0,7,0.5474399328231812,0.2891263365745544,-0.0256937351077795
31,0,8,0.5301018357276917,0.2841615378856659,-0.0313377901911735
31,0,9,0.6012865900993347,0.2773648202419281,-0.009339234791696
31,0,10,0.5657172203063965,0.2722142338752746,-0.0176031962037086
31,0,11,0.5417914986610413,0.2690197229385376,-0.0247788187116384
31,0,12,0.5209031105041504,0.2659868001937866,-0.0294913053512573
31,0,13,0.6068727374076843,0.2587205767631531,-0.013236491009593
31,0,14,0.5725618004798889,0.2520760297775268,-0.0205732975155115
31,0,15,0.5512118339538574,0.2494735568761825,-0.024574875831604
31,0,16,0.5333832502365112,0.2477678954601287,-0.0267703551799058
31,0,17,0.6176333427429199,0.2409832328557968,-0.018132546916604
31,0,18,0.590254008769989,0.2332471311092376,-0.0240516997873783
31,0,19,0.5723532438278198,0.2300545424222946,-0.0251961052417755
31,0,20,0.5570976138114929,0.2279314845800399,-0.0251313298940658
31,1,0,0.0,0.0,0.0
31,1,1,0.0,0.0,0.0
31,1,2,0.0,0.0,0.0
31,1,3,0.0,0.0,0.0
31,1,4,0.0,0.0,0.0
31,1,5,0.0,0.0,0.0
31,1,6,0.0,0.0,0.0
31,1,7,0.0,0.0,0.0
31,1,8,0.0,0.0,0.0
31,1,9,0.0,0.0,0.0
31,1,10,0.0,0.0,0.0
31,1,11,0.0,0.0,0.0
31,1,12,0.0,0.0,0.0
31,1,13,0.0,0.0,0.0
31,1,14,0.0,0.0,0.0
31,1,15,0.0,0.0,0.0
31,1,16,0.0,0.0,0.0
31,1,17,0.0,0.0,0.0
31,1,18,0.0,0.0,0.0
31,1,19,0.0,0.0,0.0
31,1,20,0.0,0.0,0.0
