Frame,Hand,Landmark,X,Y,Z
1,0,0,0.8817907571792603,0.6038684844970703,4.850056711802608e-07
1,0,1,0.8871362209320068,0.5492225885391235,0.0008987192995846
1,0,2,0.8578298091888428,0.4949173331260681,-0.0058778426609933
1,0,3,0.8103963732719421,0.4707786738872528,-0.0158684682101011
1,0,4,0.7740123271942139,0.4633971154689789,-0.0260255020111799
1,0,5,0.8797010183334351,0.4654354453086853,-0.0111144315451383
1,0,6,0.8628419041633606,0.4017527401447296,-0.0294487979263067
1,0,7,0.8579795956611633,0.3602108955383301,-0.0396377295255661
1,0,8,0.855792224407196,0.328031837940216,-0.0441663675010204
1,0,9,0.8599358201026917,0.4740006625652313,-0.0220885332673788
1,0,10,0.8272921442985535,0.407075971364975,-0.0404144302010536
1,0,11,0.8099381923675537,0.363762229681015,-0.0499039255082607
1,0,12,0.7971405982971191,0.327824205160141,-0.0539867579936981
1,0,13,0.8383637070655823,0.4925231635570526,-0.0324458889663219
1,0,14,0.7849022150039673,0.4708565771579742,-0.0515209771692752
1,0,15,0.7904704809188843,0.4914109110832214,-0.051419012248516
1,0,16,0.8061942458152771,0.5042821168899536,-0.0448791719973087
1,0,17,0.8149996995925903,0.5171382427215576,-0.0425664447247982
1,0,18,0.7761646509170532,0.5029236078262329,-0.0526810698211193
1,0,19,0.783900260925293,0.5205221772193909,-0.0464367866516113
1,0,20,0.7990369200706482,0.5306066274642944,-0.038188487291336
1,0,24,0.7276173233985901,0.5513851046562195,-0.0680001303553581
1,0,25,0.8710604906082153,0.8882884979248047,-0.4961592555046081
1,1,0,0.0,0.0,0.0
1,1,1,0.0,0.0,0.0
1,1,2,0.0,0.0,0.0
1,1,3,0.0,0.0,0.0
1,1,4,0.0,0.0,0.0
1,1,5,0.0,0.0,0.0
1,1,6,0.0,0.0,0.0
1,1,7,0.0,0.0,0.0
1,1,8,0.0,0.0,0.0
1,1,9,0.0,0.0,0.0
1,1,10,0.0,0.0,0.0
1,1,11,0.0,0.0,0.0
1,1,12,0.0,0.0,0.0
1,1,13,0.0,0.0,0.0
1,1,14,0.0,0.0,0.0
1,1,15,0.0,0.0,0.0
1,1,16,0.0,0.0,0.0
1,1,17,0.0,0.0,0.0
1,1,18,0.0,0.0,0.0
1,1,19,0.0,0.0,0.0
1,1,20,0.0,0.0,0.0
1,1,24,0.3303045630455017,0.4993170499801636,-0.1316796243190765
1,1,25,0.1995680332183838,0.7911161184310913,-0.2838514149188995
3,0,0,0.8801500201225281,0.6061350107192993,4.588354158840957e-07
3,0,1,0.8854549527168274,0.5517931580543518,0.00084525445709
3,0,2,0.8571221232414246,0.4975723326206207,-0.0058206394314765
3,0,3,0.8110524415969849,0.4725446999073028,-0.0156242474913597
3,0,4,0.7755340337753296,0.4631994068622589,-0.025547357276082
3,0,5,0.8792758584022522,0.4651064872741699,-0.0109902871772646
3,0,6,0.8623400330543518,0.4009858965873718,-0.0295934882014989
3,0,7,0.8573006391525269,0.3597883284091949,-0.0400922149419784
3,0,8,0.8546435832977295,0.3271651864051819,-0.0447053872048854
3,0,9,0.8594810962677002,0.4731868505477905,-0.0217891484498977
3,0,10,0.8269941806793213,0.4052844643592834,-0.0396520532667636
3,0,11,0.8084835410118103,0.3626202642917633,-0.048292838037014
3,0,12,0.7946319580078125,0.3277744948863983,-0.0517555959522724
3,0,13,0.8374764323234558,0.4913424849510193,-0.032111145555973
3,0,14,0.783440351486206,0.4697363376617431,-0.0508679933845996
3,0,15,0.787334680557251,0.4907362163066864,-0.050084713846445
3,0,16,0.8021335601806641,0.5043302178382874,-0.0431544370949268
3,0,17,0.8132370710372925,0.515950083732605,-0.0422905385494232
3,0,18,0.7741814851760864,0.5033388733863831,-0.051882080733776
3,0,19,0.7807765603065491,0.5217583775520325,-0.0452609099447727
3,0,20,0.7952298521995544,0.5323031544685364,-0.0368165858089923
3,0,24,0.7297264933586121,0.5550775527954102,-0.067205362021923
3,0,25,0.8486030101776123,0.8813901543617249,-0.4906647205352783
3,1,0,0.0,0.0,0.0
3,1,1,0.0,0.0,0.0
3,1,2,0.0,0.0,0.0
3,1,3,0.0,0.0,0.0
3,1,4,0.0,0.0,0.0
3,1,5,0.0,0.0,0.0
3,1,6,0.0,0.0,0.0
3,1,7,0.0,0.0,0.0
3,1,8,0.0,0.0,0.0
3,1,9,0.0,0.0,0.0
3,1,10,0.0,0.0,0.0
3,1,11,0.0,0.0,0.0
3,1,12,0.0,0.0,0.0
3,1,13,0.0,0.0,0.0
3,1,14,0.0,0.0,0.0
3,1,15,0.0,0.0,0.0
3,1,16,0.0,0.0,0.0
3,1,17,0.0,0.0,0.0
3,1,18,0.0,0.0,0.0
3,1,19,0.0,0.0,0.0
3,1,20,0.0,0.0,0.0
3,1,24,0.3259744048118591,0.5010629296302795,-0.153086856007576
3,1,25,0.1976442337036132,0.7823689579963684,-0.289075493812561
5,0,0,0.8797505497932434,0.605966329574585,4.739493704164488e-07
5,0,1,0.8852899074554443,0.5510581135749817,0.0013174194609746
5,0,2,0.8560560345649719,0.4968720376491546,-0.0051812711171805
5,0,3,0.8090466260910034,0.4722824692726135,-0.0148576339706778
5,0,4,0.7728989124298096,0.4626723229885101,-0.0245938394218683
5,0,5,0.8784874677658081,0.4668552577495575,-0.0108671970665454
5,0,6,0.8627123832702637,0.4020820260047912,-0.029071670025587
5,0,7,0.8576416969299316,0.3602839708328247,-0.0389319621026515
5,0,8,0.8551937937736511,0.3279375433921814,-0.043172039091587
5,0,9,0.8585283756256104,0.4748096466064453,-0.0219586696475744
5,0,10,0.8263450264930725,0.4062141180038452,-0.039830308407545
5,0,11,0.8078440427780151,0.3629026114940643,-0.0488129705190658
5,0,12,0.7944849133491516,0.3277639746665954,-0.052524384111166
5,0,13,0.8370748162269592,0.4930915236473083,-0.0324230715632438
5,0,14,0.7843742370605469,0.4711499512195587,-0.0512559339404106
5,0,15,0.7885473966598511,0.4926426410675049,-0.0509285442531108
5,0,16,0.8035523295402527,0.5059565305709839,-0.0443201884627342
5,0,17,0.8135613203048706,0.5177918672561646,-0.0425999090075492
5,0,18,0.7745274305343628,0.5055120587348938,-0.0527108274400234
5,0,19,0.7811670303344727,0.523781418800354,-0.0466214418411254
5,0,20,0.7956711053848267,0.5334215760231018,-0.0385030880570411
5,0,24,0.7286282777786255,0.5501232743263245,-0.0532428473234176
5,0,25,0.8493829369544983,0.8794764280319214,-0.4659135639667511
5,1,0,0.0,0.0,0.0
5,1,1,0.0,0.0,0.0
5,1,2,0.0,0.0,0.0
5,1,3,0.0,0.0,0.0
5,1,4,0.0,0.0,0.0
5,1,5,0.0,0.0,0.0
5,1,6,0.0,0.0,0.0
5,1,7,0.0,0.0,0.0
5,1,8,0.0,0.0,0.0
5,1,9,0.0,0.0,0.0
5,1,10,0.0,0.0,0.0
5,1,11,0.0,0.0,0.0
5,1,12,0.0,0.0,0.0
5,1,13,0.0,0.0,0.0
5,1,14,0.0,0.0,0.0
5,1,15,0.0,0.0,0.0
5,1,16,0.0,0.0,0.0
5,1,17,0.0,0.0,0.0
5,1,18,0.0,0.0,0.0
5,1,19,0.0,0.0,0.0
5,1,20,0.0,0.0,0.0
5,1,24,0.3268651962280273,0.4995790719985962,-0.1403541266918182
5,1,25,0.2005958557128906,0.7932384610176086,-0.2953062951564789
6,0,0,0.8794138431549072,0.6104468107223511,4.769369184032257e-07
6,0,1,0.8842163681983948,0.5561271905899048,0.000861047534272
6,0,2,0.8551805019378662,0.5002044439315796,-0.0062906770035624
6,0,3,0.8082609176635742,0.4743276238441467,-0.0164339561015367
6,0,4,0.7723196148872375,0.4642642736434936,-0.0265871826559305
6,0,5,0.8781602382659912,0.4690597653388977,-0.0122918570414185
6,0,6,0.8616228103637695,0.4036767482757568,-0.0311299655586481
6,0,7,0.8570727109909058,0.3618873059749603,-0.0412562042474746
6,0,8,0.855135977268219,0.3292427062988281,-0.0454920306801795
6,0,9,0.8584586381912231,0.4779316484928131,-0.0232930686324834
6,0,10,0.8260282874107361,0.4079431295394897,-0.0417803674936294
6,0,11,0.8075276017189026,0.3643257915973663,-0.0508873797953128
6,0,12,0.793567955493927,0.3283511996269226,-0.0545586086809635
6,0,13,0.8367118835449219,0.4963157176971435,-0.0336516164243221
6,0,14,0.782392144203186,0.4726117253303528,-0.0529505684971809
6,0,15,0.7866688966751099,0.4942174255847931,-0.0523531474173069
6,0,16,0.8015635013580322,0.5071686506271362,-0.0453471057116985
6,0,17,0.8128551244735718,0.5205151438713074,-0.0437107272446155
6,0,18,0.7730112671852112,0.5050183534622192,-0.0534054711461067
6,0,19,0.7797911167144775,0.5235167145729065,-0.0465480424463748
6,0,20,0.7943892478942871,0.5335323214530945,-0.0378724560141563
6,0,24,0.7282385230064392,0.5545795559883118,-0.0239472445100545
6,0,25,0.8620427846908569,0.8796682357788086,-0.4136492311954498
6,1,0,0.0,0.0,0.0
6,1,1,0.0,0.0,0.0
6,1,2,0.0,0.0,0.0
6,1,3,0.0,0.0,0.0
6,1,4,0.0,0.0,0.0
6,1,5,0.0,0.0,0.0
6,1,6,0.0,0.0,0.0
6,1,7,0.0,0.0,0.0
6,1,8,0.0,0.0,0.0
6,1,9,0.0,0.0,0.0
6,1,10,0.0,0.0,0.0
6,1,11,0.0,0.0,0.0
6,1,12,0.0,0.0,0.0
6,1,13,0.0,0.0,0.0
6,1,14,0.0,0.0,0.0
6,1,15,0.0,0.0,0.0
6,1,16,0.0,0.0,0.0
6,1,17,0.0,0.0,0.0
6,1,18,0.0,0.0,0.0
6,1,19,0.0,0.0,0.0
6,1,20,0.0,0.0,0.0
6,1,24,0.3295314311981201,0.4989497065544128,-0.160827949643135
6,1,25,0.1987048089504242,0.7852870225906372,-0.349559336900711
8,0,0,0.8736736178398132,0.616581916809082,4.713190833172121e-07
8,0,1,0.8794680237770081,0.5603936314582825,0.0009263274841941
8,0,2,0.8520743250846863,0.5032846331596375,-0.0058410661295056
8,0,3,0.8059123158454895,0.4777743816375732,-0.0158845167607069
8,0,4,0.7700382471084595,0.4689889550209045,-0.0260736551135778
8,0,5,0.872128963470459,0.4712664783000946,-0.0114384721964597
8,0,6,0.8539802432060242,0.4073939621448517,-0.0307519473135471
8,0,7,0.849087119102478,0.364979475736618,-0.0418564938008785
8,0,8,0.847120463848114,0.331933856010437,-0.0471189692616462
8,0,9,0.8513835668563843,0.4798867106437683,-0.0229031592607498
8,0,10,0.8163790106773376,0.4117865562438965,-0.0422055795788764
8,0,11,0.7983753085136414,0.3679425120353699,-0.0523263961076736
8,0,12,0.7856061458587646,0.3317242860794067,-0.0569594390690326
8,0,13,0.8292605876922607,0.4989814758300781,-0.0337830372154712
8,0,14,0.7750670909881592,0.4748572707176208,-0.0534832812845706
8,0,15,0.7806360125541687,0.4960982501506805,-0.0532304272055625
8,0,16,0.7964233160018921,0.5094431638717651,-0.0467538088560104
8,0,17,0.8056457042694092,0.5239627957344055,-0.0445478782057762
8,0,18,0.7665537595748901,0.5095760226249695,-0.0555162653326988
8,0,19,0.7747704982757568,0.5272150039672852,-0.0497617237269878
8,0,20,0.7905248999595642,0.5368265509605408,-0.0418545305728912
8,0,24,0.7275164723396301,0.5504925847053528,-0.0535428524017334
8,0,25,0.855534017086029,0.8868429660797119,-0.4805346131324768
8,1,0,0.0,0.0,0.0
8,1,1,0.0,0.0,0.0
8,1,2,0.0,0.0,0.0
8,1,3,0.0,0.0,0.0
8,1,4,0.0,0.0,0.0
8,1,5,0.0,0.0,0.0
8,1,6,0.0,0.0,0.0
8,1,7,0.0,0.0,0.0
8,1,8,0.0,0.0,0.0
8,1,9,0.0,0.0,0.0
8,1,10,0.0,0.0,0.0
8,1,11,0.0,0.0,0.0
8,1,12,0.0,0.0,0.0
8,1,13,0.0,0.0,0.0
8,1,14,0.0,0.0,0.0
8,1,15,0.0,0.0,0.0
8,1,16,0.0,0.0,0.0
8,1,17,0.0,0.0,0.0
8,1,18,0.0,0.0,0.0
8,1,19,0.0,0.0,0.0
8,1,20,0.0,0.0,0.0
8,1,24,0.3288881182670593,0.5006160140037537,-0.1593221575021743
8,1,25,0.1962308883666992,0.789014458656311,-0.2607024312019348
12,0,0,0.8085685968399048,0.625494122505188,3.179227121563599e-07
12,0,1,0.7933392524719238,0.5790839195251465,0.0006067026988603
12,0,2,0.7553059458732605,0.5380833745002747,-0.0047749853692948
12,0,3,0.7170721888542175,0.5325173139572144,-0.0132077122107148
12,0,4,0.688036322593689,0.5447328090667725,-0.0231098011136055
12,0,5,0.7558374404907227,0.5014927387237549,-0.0125045822933316
12,0,6,0.7126889824867249,0.4611455798149109,-0.0277213715016841
12,0,7,0.6818320751190186,0.4351053833961487,-0.037532415241003
12,0,8,0.6574703454971313,0.4156199395656585,-0.0432317107915878
12,0,9,0.7461649775505066,0.5174697041511536,-0.0229946039617061
12,0,10,0.6986687779426575,0.4823560714721679,-0.0368584021925926
12,0,11,0.6702463626861572,0.4591851830482483,-0.0446722470223903
12,0,12,0.6482970714569092,0.4387136697769165,-0.0492431633174419
12,0,13,0.7368848919868469,0.5445601940155029,-0.0328521020710468
12,0,14,0.6806144118309021,0.5454381704330444,-0.0472491420805454
12,0,15,0.6888189315795898,0.5615463852882385,-0.046655498445034
12,0,16,0.706577718257904,0.5670624375343323,-0.0427317544817924
12,0,17,0.727260947227478,0.578844428062439,-0.0426854379475116
12,0,18,0.6864947080612183,0.5821635723114014,-0.0521777383983135
12,0,19,0.6968685388565063,0.5932499170303345,-0.0468460768461227
12,0,20,0.7142629027366638,0.5968136191368103,-0.0404476821422576
12,0,24,0.715245246887207,0.5209210515022278,-0.1305442005395889
12,0,25,0.8714616298675537,0.8566867709159851,-0.5390334725379944
12,1,0,0.0,0.0,0.0
12,1,1,0.0,0.0,0.0
12,1,2,0.0,0.0,0.0
12,1,3,0.0,0.0,0.0
12,1,4,0.0,0.0,0.0
12,1,5,0.0,0.0,0.0
12,1,6,0.0,0.0,0.0
12,1,7,0.0,0.0,0.0
12,1,8,0.0,0.0,0.0
12,1,9,0.0,0.0,0.0
12,1,10,0.0,0.0,0.0
12,1,11,0.0,0.0,0.0
12,1,12,0.0,0.0,0.0
12,1,13,0.0,0.0,0.0
12,1,14,0.0,0.0,0.0
12,1,15,0.0,0.0,0.0
12,1,16,0.0,0.0,0.0
12,1,17,0.0,0.0,0.0
12,1,18,0.0,0.0,0.0
12,1,19,0.0,0.0,0.0
12,1,20,0.0,0.0,0.0
12,1,24,0.3348328173160553,0.4945141077041626,-0.1441076099872589
12,1,25,0.1983477175235748,0.7815341949462891,-0.2641296088695526
14,0,0,0.7268902063369751,0.6750513911247253,3.023732801921142e-07
14,0,1,0.7162669897079468,0.6375977993011475,-0.0029802755452692
14,0,2,0.6832192540168762,0.6105341911315918,-0.0050802486948668
14,0,3,0.6512624621391296,0.6031968593597412,-0.0084598297253251
14,0,4,0.6276726126670837,0.6070919036865234,-0.0122275203466415
14,0,5,0.6463461518287659,0.5946027040481567,-0.0096574332565069
14,0,6,0.5967655181884766,0.5851389765739441,-0.0238249748945236
14,0,7,0.5607146620750427,0.5767494440078735,-0.0336253829300403
14,0,8,0.5323941707611084,0.5725672245025635,-0.0388583093881607
14,0,9,0.6352800726890564,0.6135261654853821,-0.0151906488463282
14,0,10,0.5811077952384949,0.5929380655288696,-0.0280427802354097
14,0,11,0.5461751818656921,0.5796979069709778,-0.0344882309436798
14,0,12,0.5196852684020996,0.5680252909660339,-0.0367984473705291
14,0,13,0.6308209300041199,0.6388325691223145,-0.0207271557301282
14,0,14,0.5902531743049622,0.6466109156608582,-0.0349187180399894
14,0,15,0.6020745038986206,0.6570989489555359,-0.0324398837983608
14,0,16,0.6198136210441589,0.658778190612793,-0.0256466250866651
14,0,17,0.6313736438751221,0.6689222455024719,-0.026716785505414
14,0,18,0.6035699844360352,0.6741008162498474,-0.0353834331035614
14,0,19,0.6157238483428955,0.6800616383552551,-0.0289359278976917
14,0,20,0.6315566897392273,0.6793551445007324,-0.0205478407442569
14,0,24,0.7307546138763428,0.5365954637527466,-0.1334815919399261
14,0,25,0.8723907470703125,0.89982670545578,-0.5971757173538208
14,1,0,0.0,0.0,0.0
14,1,1,0.0,0.0,0.0
14,1,2,0.0,0.0,0.0
14,1,3,0.0,0.0,0.0
14,1,4,0.0,0.0,0.0
14,1,5,0.0,0.0,0.0
14,1,6,0.0,0.0,0.0
14,1,7,0.0,0.0,0.0
14,1,8,0.0,0.0,0.0
14,1,9,0.0,0.0,0.0
14,1,10,0.0,0.0,0.0
14,1,11,0.0,0.0,0.0
14,1,12,0.0,0.0,0.0
14,1,13,0.0,0.0,0.0
14,1,14,0.0,0.0,0.0
14,1,15,0.0,0.0,0.0
14,1,16,0.0,0.0,0.0
14,1,17,0.0,0.0,0.0
14,1,18,0.0,0.0,0.0
14,1,19,0.0,0.0,0.0
14,1,20,0.0,0.0,0.0
14,1,24,0.3376299440860748,0.4966692924499511,-0.1144350841641426
14,1,25,0.2021582126617431,0.801561713218689,-0.1234394237399101
15,0,0,0.7129725813865662,0.6918067932128906,2.734978465923632e-07
15,0,1,0.6863664388656616,0.6556147933006287,0.0042728693224489
15,0,2,0.6383082270622253,0.6422685980796814,0.0077045806683599
15,0,3,0.6033344864845276,0.6550445556640625,0.0081944512203335
15,0,4,0.5840925574302673,0.6778278350830078,0.0081769209355115
15,0,5,0.606661319732666,0.6312183737754822,0.0114464154466986
15,0,6,0.5658940672874451,0.6262496113777161,0.0079253641888499
15,0,7,0.5384483933448792,0.6201686263084412,0.0035587900783866
15,0,8,0.5166848301887512,0.6162279844284058,0.0006102307233959
15,0,9,0.5981887578964233,0.6538001894950867,0.0053705759346485
15,0,10,0.5536614656448364,0.6530476808547974,0.00347466673702
15,0,11,0.5308464765548706,0.6503522992134094,0.0004609560419339
15,0,12,0.5126732587814331,0.6469935178756714,-0.0013321104925125
15,0,13,0.5985928773880005,0.6797422766685486,-0.0010170842288061
15,0,14,0.5699825882911682,0.6976006627082825,-0.005530955735594
15,0,15,0.5849595665931702,0.7007232904434204,-0.0064019239507615
15,0,16,0.600052535533905,0.6963046193122864,-0.0049297781661152
15,0,17,0.6054291725158691,0.7076733112335205,-0.007380090188235
15,0,18,0.589536726474762,0.7223620414733887,-0.0096092149615287
15,0,19,0.6042526960372925,0.7221216559410095,-0.0067043956369161
15,0,20,0.6179249882698059,0.7155206203460693,-0.0030636573210358
15,0,24,0.7310664653778076,0.5428826212882996,-0.1629472821950912
15,0,25,0.8740271925926208,0.9005178213119507,-0.6336045265197754
15,1,0,0.0,0.0,0.0
15,1,1,0.0,0.0,0.0
15,1,2,0.0,0.0,0.0
15,1,3,0.0,0.0,0.0
15,1,4,0.0,0.0,0.0
15,1,5,0.0,0.0,0.0
15,1,6,0.0,0.0,0.0
15,1,7,0.0,0.0,0.0
15,1,8,0.0,0.0,0.0
15,1,9,0.0,0.0,0.0
15,1,10,0.0,0.0,0.0
15,1,11,0.0,0.0,0.0
15,1,12,0.0,0.0,0.0
15,1,13,0.0,0.0,0.0
15,1,14,0.0,0.0,0.0
15,1,15,0.0,0.0,0.0
15,1,16,0.0,0.0,0.0
15,1,17,0.0,0.0,0.0
15,1,18,0.0,0.0,0.0
15,1,19,0.0,0.0,0.0
15,1,20,0.0,0.0,0.0
15,1,24,0.3394644856452942,0.5052126049995422,-0.0846770405769348
15,1,25,0.2006970643997192,0.8054753541946411,-0.1811168193817138
16,0,0,0.6865379810333252,0.7058807611465454,1.2168121088507178e-07
16,0,1,0.6535714864730835,0.6780824661254883,-0.000239142900682
16,0,2,0.6010794639587402,0.6751646995544434,-0.0001110751472879
16,0,3,0.5700970888137817,0.6957387924194336,-0.0014872958417981
16,0,4,0.5560580492019653,0.720992922782898,-0.00355433113873
16,0,5,0.5672668218612671,0.6667276620864868,-4.0384413296123967e-05
16,0,6,0.5169017314910889,0.6809839010238647,-0.0060676070861518
16,0,7,0.4835578799247741,0.6885089874267578,-0.0099102659150958
16,0,8,0.4581373631954193,0.693989634513855,-0.0132164768874645
16,0,9,0.5679131746292114,0.6896939277648926,-0.0051512317731976
16,0,10,0.5300197005271912,0.713841438293457,-0.0133435064926743
16,0,11,0.536821722984314,0.7177172303199768,-0.0150709301233291
16,0,12,0.5434733629226685,0.7127729654312134,-0.0145167140290141
16,0,13,0.5766062140464783,0.7159850001335144,-0.01039210986346
16,0,14,0.5530621409416199,0.7449232339859009,-0.0203300043940544
16,0,15,0.5723007321357727,0.7439321279525757,-0.0175024922937154
16,0,16,0.5843095183372498,0.7306675314903259,-0.0132551733404397
16,0,17,0.5900253653526306,0.7419589757919312,-0.0156117836013436
16,0,18,0.5727388262748718,0.7617260813713074,-0.0219209566712379
16,0,19,0.59015291929245,0.7586039900779724,-0.0166902560740709
16,0,20,0.6027569770812988,0.7476863861083984,-0.0108722364529967
16,0,24,0.7355038523674011,0.5371559858322144,-0.1961405128240585
16,0,25,0.8637809157371521,0.9048556685447692,-0.6810005903244019
16,1,0,0.0,0.0,0.0
16,1,1,0.0,0.0,0.0
16,1,2,0.0,0.0,0.0
16,1,3,0.0,0.0,0.0
16,1,4,0.0,0.0,0.0
16,1,5,0.0,0.0,0.0
16,1,6,0.0,0.0,0.0
16,1,7,0.0,0.0,0.0
16,1,8,0.0,0.0,0.0
16,1,9,0.0,0.0,0.0
16,1,10,0.0,0.0,0.0
16,1,11,0.0,0.0,0.0
16,1,12,0.0,0.0,0.0
16,1,13,0.0,0.0,0.0
16,1,14,0.0,0.0,0.0
16,1,15,0.0,0.0,0.0
16,1,16,0.0,0.0,0.0
16,1,17,0.0,0.0,0.0
16,1,18,0.0,0.0,0.0
16,1,19,0.0,0.0,0.0
16,1,20,0.0,0.0,0.0
16,1,24,0.341647058725357,0.5004552006721497,-0.109120562672615
16,1,25,0.2032875716686248,0.7885524034500122,-0.2206397652626037
18,0,0,0.6406018137931824,0.7576805949211121,2.4621999727969524e-07
18,0,1,0.5854285955429077,0.7391490340232849,0.0057386453263461
18,0,2,0.5376962423324585,0.7652770280838013,0.0089248577132821
18,0,3,0.5209362506866455,0.8011224269866943,0.0100653693079948
18,0,4,0.5244542956352234,0.8303055763244629,0.0104167992249131
18,0,5,0.5103127360343933,0.778590977191925,0.0009839838603511
18,0,6,0.4668282866477966,0.8139561414718628,-0.0019956449978053
18,0,7,0.439808577299118,0.8320432901382446,-0.0039507616311311
18,0,8,0.4192641377449035,0.8451581001281738,-0.0038722027093172
18,0,9,0.5243302583694458,0.8116235733032227,-0.0040086456574499
18,0,10,0.4802563786506653,0.8563172817230225,-0.005173485726118
18,0,11,0.4518853425979614,0.8836026191711426,-0.0078557133674621
18,0,12,0.4332756400108337,0.9037308692932128,-0.0088134463876485
18,0,13,0.5471914410591125,0.8376191258430481,-0.0074865943752229
18,0,14,0.5297679901123047,0.8662940859794617,-0.0076056229881942
18,0,15,0.5386236310005188,0.85330730676651,-0.0069494303315877
18,0,16,0.5517566800117493,0.8388543725013733,-0.0042154639959335
18,0,17,0.5742216110229492,0.8557956218719482,-0.0104798721149563
18,0,18,0.5615347027778625,0.8709819912910461,-0.0045667081139981
18,0,19,0.5673508644104004,0.8600808382034302,0.0035223208833485
18,0,20,0.5768883228302002,0.8487147092819214,0.0106992544606328
18,0,24,0.7281119227409363,0.5417160987854004,-0.1083382666110992
18,0,25,0.8662084937095642,0.92254638671875,-0.591364324092865
18,1,0,0.0,0.0,0.0
18,1,1,0.0,0.0,0.0
18,1,2,0.0,0.0,0.0
18,1,3,0.0,0.0,0.0
18,1,4,0.0,0.0,0.0
18,1,5,0.0,0.0,0.0
18,1,6,0.0,0.0,0.0
18,1,7,0.0,0.0,0.0
18,1,8,0.0,0.0,0.0
18,1,9,0.0,0.0,0.0
18,1,10,0.0,0.0,0.0
18,1,11,0.0,0.0,0.0
18,1,12,0.0,0.0,0.0
18,1,13,0.0,0.0,0.0
18,1,14,0.0,0.0,0.0
18,1,15,0.0,0.0,0.0
18,1,16,0.0,0.0,0.0
18,1,17,0.0,0.0,0.0
18,1,18,0.0,0.0,0.0
18,1,19,0.0,0.0,0.0
18,1,20,0.0,0.0,0.0
18,1,24,0.3317990601062774,0.5040771961212158,-0.2225216329097747
18,1,25,0.1896736919879913,0.8181651830673218,-0.313931405544281
20,0,0,0.629272997379303,0.773145318031311,2.110918870812384e-07
20,0,1,0.5751138925552368,0.7559276223182678,0.0021562876645475
20,0,2,0.5292339324951172,0.7851638793945312,0.0027643023058772
20,0,3,0.5141220092773438,0.8238084316253662,0.0016709637129679
20,0,4,0.5176287889480591,0.8557673692703247,-0.000272902456345
20,0,5,0.5000641942024231,0.7979182600975037,-0.0036495963577181
20,0,6,0.4582109451293945,0.8420715928077698,-0.0095695415511727
20,0,7,0.433828055858612,0.8665554523468018,-0.013527663424611
20,0,8,0.4154900908470154,0.8861868977546692,-0.0148518802598118
20,0,9,0.513545572757721,0.8311399817466736,-0.0084598753601312
20,0,10,0.4700438380241394,0.8800772428512573,-0.0135694164782762
20,0,11,0.4428961873054504,0.9119433760643004,-0.0183318462222814
20,0,12,0.4241498112678528,0.936510443687439,-0.0201398152858018
20,0,13,0.5353879332542419,0.8579846620559692,-0.012051299214363
20,0,14,0.5278608798980713,0.8920551538467407,-0.0161295887082815
20,0,15,0.5393773317337036,0.8771618604660034,-0.0171378832310438
20,0,16,0.5494577884674072,0.8603733777999878,-0.0147777991369366
20,0,17,0.5619590282440186,0.8782661557197571,-0.0154862971976399
20,0,18,0.5569066405296326,0.8949720859527588,-0.0131181785836815
20,0,19,0.566052258014679,0.8826409578323364,-0.0066460641101002
20,0,20,0.5735180377960205,0.8682631254196167,-0.0001427383394911
20,0,24,0.7218006253242493,0.5410454869270325,-0.0733654424548149
20,0,25,0.8508142232894897,0.9192103147506714,-0.5225621461868286
20,1,0,0.0,0.0,0.0
20,1,1,0.0,0.0,0.0
20,1,2,0.0,0.0,0.0
20,1,3,0.0,0.0,0.0
20,1,4,0.0,0.0,0.0
20,1,5,0.0,0.0,0.0
20,1,6,0.0,0.0,0.0
20,1,7,0.0,0.0,0.0
20,1,8,0.0,0.0,0.0
20,1,9,0.0,0.0,0.0
20,1,10,0.0,0.0,0.0
20,1,11,0.0,0.0,0.0
20,1,12,0.0,0.0,0.0
20,1,13,0.0,0.0,0.0
20,1,14,0.0,0.0,0.0
20,1,15,0.0,0.0,0.0
20,1,16,0.0,0.0,0.0
20,1,17,0.0,0.0,0.0
20,1,18,0.0,0.0,0.0
20,1,19,0.0,0.0,0.0
20,1,20,0.0,0.0,0.0
20,1,24,0.3309831023216247,0.5030242800712585,-0.2182750850915908
20,1,25,0.1922726929187774,0.8021298050880432,-0.4033647775650024
21,0,0,0.6321440935134888,0.7774679660797119,1.928979713738955e-07
21,0,1,0.5776931643486023,0.7573285698890686,0.0033336151391267
21,0,2,0.5304957032203674,0.7853853702545166,0.0050974176265299
21,0,3,0.5144781470298767,0.8235940337181091,0.0048183379694819
21,0,4,0.5176941156387329,0.8558489680290222,0.0038355092983692
21,0,5,0.5001764297485352,0.7979955673217773,-0.0010002555791288
21,0,6,0.4572669565677643,0.8438218832015991,-0.0067675202153623
21,0,7,0.4336749911308288,0.8698652386665344,-0.0103668943047523
21,0,8,0.4172601103782654,0.8910581469535828,-0.0109277088195085
21,0,9,0.51357102394104,0.8320613503456116,-0.0057912850752472
21,0,10,0.4686491191387176,0.8810569047927856,-0.0098260194063186
21,0,11,0.44126757979393,0.9111196994781494,-0.0139428749680519
21,0,12,0.423295259475708,0.9343481063842772,-0.0150213791057467
21,0,13,0.5353174805641174,0.8594470024108887,-0.0095037268474698
21,0,14,0.5265974998474121,0.8920207619667053,-0.0126491291448473
21,0,15,0.5377830862998962,0.8770507574081421,-0.0139492321759462
21,0,16,0.5488675236701965,0.8605144023895264,-0.0115460706874728
21,0,17,0.5613014698028564,0.8803489208221436,-0.0129998605698347
21,0,18,0.5569520592689514,0.8953036069869995,-0.0098295509815216
21,0,19,0.566084086894989,0.8831704258918762,-0.0036695376038551
21,0,20,0.5746580362319946,0.8692511916160583,0.0028256892692297
21,0,24,0.7287994623184204,0.5474939346313477,-0.0853364914655685
21,0,25,0.8523224592208862,0.918216347694397,-0.5165777206420898
21,1,0,0.0,0.0,0.0
21,1,1,0.0,0.0,0.0
21,1,2,0.0,0.0,0.0
21,1,3,0.0,0.0,0.0
21,1,4,0.0,0.0,0.0
21,1,5,0.0,0.0,0.0
21,1,6,0.0,0.0,0.0
21,1,7,0.0,0.0,0.0
21,1,8,0.0,0.0,0.0
21,1,9,0.0,0.0,0.0
21,1,10,0.0,0.0,0.0
21,1,11,0.0,0.0,0.0
21,1,12,0.0,0.0,0.0
21,1,13,0.0,0.0,0.0
21,1,14,0.0,0.0,0.0
21,1,15,0.0,0.0,0.0
21,1,16,0.0,0.0,0.0
21,1,17,0.0,0.0,0.0
21,1,18,0.0,0.0,0.0
21,1,19,0.0,0.0,0.0
21,1,20,0.0,0.0,0.0
21,1,24,0.3300518095493316,0.5107430815696716,-0.228519320487976
21,1,25,0.1872526705265045,0.8126927614212036,-0.2856909036636352
25,0,0,0.6417601108551025,0.7729490399360657,1.8633157594649682e-07
25,0,1,0.5844500660896301,0.7554135918617249,0.0073558697476983
25,0,2,0.5374573469161987,0.7840278148651123,0.0103389006108045
25,0,3,0.5208627581596375,0.8221176862716675,0.0109024690464138
25,0,4,0.5225686430931091,0.8534688353538513,0.0105029670521616
25,0,5,0.5106891393661499,0.7955322265625,0.0005324119701981
25,0,6,0.4692398905754089,0.8421689867973328,-0.0035284040495753
25,0,7,0.445276528596878,0.8675130605697632,-0.0061683524399995
25,0,8,0.4271990954875946,0.8876463770866394,-0.0064888433553278
25,0,9,0.5256931185722351,0.8292706608772278,-0.005585809238255
25,0,10,0.4803307354450226,0.8789491057395935,-0.0076418835669755
25,0,11,0.4530528783798218,0.908782124519348,-0.0103111211210489
25,0,12,0.4352453052997589,0.9310300350189208,-0.010994054377079
25,0,13,0.5486004948616028,0.856104850769043,-0.0099741583690047
25,0,14,0.5319700241088867,0.8900809288024902,-0.0105264168232679
25,0,15,0.5426086187362671,0.8763354420661926,-0.0090736513957381
25,0,16,0.5552032589912415,0.8606655597686768,-0.0056659565307199
25,0,17,0.5759886503219604,0.8757032155990601,-0.0138104930520057
25,0,18,0.5642451047897339,0.8917813301086426,-0.0082752453163266
25,0,19,0.5719191431999207,0.8798843622207642,0.0001653827930567
25,0,20,0.5807299017906189,0.8665263056755066,0.0077683008275926
25,0,24,0.7262779474258423,0.5443705916404724,-0.0952549427747726
25,0,25,0.8559712171554565,0.9156323671340942,-0.5313217639923096
25,1,0,0.0,0.0,0.0
25,1,1,0.0,0.0,0.0
25,1,2,0.0,0.0,0.0
25,1,3,0.0,0.0,0.0
25,1,4,0.0,0.0,0.0
25,1,5,0.0,0.0,0.0
25,1,6,0.0,0.0,0.0
25,1,7,0.0,0.0,0.0
25,1,8,0.0,0.0,0.0
25,1,9,0.0,0.0,0.0
25,1,10,0.0,0.0,0.0
25,1,11,0.0,0.0,0.0
25,1,12,0.0,0.0,0.0
25,1,13,0.0,0.0,0.0
25,1,14,0.0,0.0,0.0
25,1,15,0.0,0.0,0.0
25,1,16,0.0,0.0,0.0
25,1,17,0.0,0.0,0.0
25,1,18,0.0,0.0,0.0
25,1,19,0.0,0.0,0.0
25,1,20,0.0,0.0,0.0
25,1,24,0.3302731513977051,0.5059247612953186,-0.2012655586004257
25,1,25,0.1890532672405243,0.8087711334228516,-0.2144922316074371
26,0,0,0.6435019969940186,0.7708393335342407,1.6608282749075445e-07
26,0,1,0.5901802778244019,0.7521335482597351,0.0052306437864899
26,0,2,0.5437300205230713,0.779951274394989,0.0074962945654988
26,0,3,0.527274489402771,0.817188024520874,0.007395273540169
26,0,4,0.5285932421684265,0.8494128584861755,0.0064142583869397
26,0,5,0.5121212005615234,0.7946894764900208,-0.0001123977926908
26,0,6,0.4715352654457092,0.838842511177063,-0.0051808678545057
26,0,7,0.4472484290599823,0.8638588190078735,-0.0085828024893999
26,0,8,0.429281622171402,0.8837725520133972,-0.0094625921919941
26,0,9,0.5262749195098877,0.8279450535774231,-0.0061368043534457
26,0,10,0.4823048114776611,0.8776695728302002,-0.0101121431216597
26,0,11,0.4556970000267029,0.9083541631698608,-0.0137266153469681
26,0,12,0.4383250474929809,0.9311930537223816,-0.0147387143224477
26,0,13,0.5488669276237488,0.8544980883598328,-0.0108209494501352
26,0,14,0.5366929769515991,0.8885138034820557,-0.0143166203051805
26,0,15,0.5482202172279358,0.8739359378814697,-0.0140263894572854
26,0,16,0.5603057742118835,0.8573461174964905,-0.0106271412223577
26,0,17,0.5761378407478333,0.8739854097366333,-0.0151111874729394
26,0,18,0.5679450035095215,0.8909515738487244,-0.0122245326638221
26,0,19,0.5770053863525391,0.8785459995269775,-0.0048695714212954
26,0,20,0.5860395431518555,0.8645498156547546,0.0024609938263893
26,0,24,0.7308322191238403,0.5492495894432068,-0.1284965425729751
26,0,25,0.8585507869720459,0.9299872517585754,-0.5876296162605286
26,1,0,0.0,0.0,0.0
26,1,1,0.0,0.0,0.0
26,1,2,0.0,0.0,0.0
26,1,3,0.0,0.0,0.0
26,1,4,0.0,0.0,0.0
26,1,5,0.0,0.0,0.0
26,1,6,0.0,0.0,0.0
26,1,7,0.0,0.0,0.0
26,1,8,0.0,0.0,0.0
26,1,9,0.0,0.0,0.0
26,1,10,0.0,0.0,0.0
26,1,11,0.0,0.0,0.0
26,1,12,0.0,0.0,0.0
26,1,13,0.0,0.0,0.0
26,1,14,0.0,0.0,0.0
26,1,15,0.0,0.0,0.0
26,1,16,0.0,0.0,0.0
26,1,17,0.0,0.0,0.0
26,1,18,0.0,0.0,0.0
26,1,19,0.0,0.0,0.0
26,1,20,0.0,0.0,0.0
26,1,24,0.3294909596443176,0.507899284362793,-0.1810995936393737
26,1,25,0.188502162694931,0.8184747695922852,-0.2622936367988586
27,0,0,0.6430225968360901,0.7753151655197144,2.0602894323928922e-07
27,0,1,0.5867555737495422,0.7565777897834778,0.0065754144452512
27,0,2,0.5408603549003601,0.7829232215881348,0.0090991063043475
27,0,3,0.5240342020988464,0.8190133571624756,0.0091351270675659
27,0,4,0.5270854234695435,0.8504153490066528,0.0080919219180941
27,0,5,0.5115943551063538,0.7954292297363281,0.0001316095440415
27,0,6,0.469228059053421,0.8411688208580017,-0.0038428355474025
27,0,7,0.4444432854652405,0.8660482168197632,-0.0062993802130222
27,0,8,0.4256263375282287,0.8850964307785034,-0.0064607900567352
27,0,9,0.5261315107345581,0.8282206058502197,-0.0058762026019394
27,0,10,0.481633722782135,0.8779242634773254,-0.0082170953974127
27,0,11,0.4537234902381897,0.907909095287323,-0.011269467882812
27,0,12,0.4350548386573791,0.9290931224822998,-0.0122243575751781
27,0,13,0.5487232804298401,0.8548914194107056,-0.0102963643148541
27,0,14,0.5320641398429871,0.8881064653396606,-0.0119769740849733
27,0,15,0.5433026552200317,0.8762773275375366,-0.0114181470125913
27,0,16,0.5566572546958923,0.8613355755805969,-0.0082521019503474
27,0,17,0.5760018825531006,0.8752551078796387,-0.0141155580058693
27,0,18,0.5632916688919067,0.8927440047264099,-0.0098033929243683
27,0,19,0.5710885524749756,0.8815312385559082,-0.0019221004331484
27,0,20,0.580451488494873,0.8683992028236389,0.0055991425178945
27,0,24,0.7280948162078857,0.546074390411377,-0.0876001119613647
27,0,25,0.8564941883087158,0.9189484715461732,-0.5024892091751099
27,1,0,0.0,0.0,0.0
27,1,1,0.0,0.0,0.0
27,1,2,0.0,0.0,0.0
27,1,3,0.0,0.0,0.0
27,1,4,0.0,0.0,0.0
27,1,5,0.0,0.0,0.0
27,1,6,0.0,0.0,0.0
27,1,7,0.0,0.0,0.0
27,1,8,0.0,0.0,0.0
27,1,9,0.0,0.0,0.0
27,1,10,0.0,0.0,0.0
27,1,11,0.0,0.0,0.0
27,1,12,0.0,0.0,0.0
27,1,13,0.0,0.0,0.0
27,1,14,0.0,0.0,0.0
27,1,15,0.0,0.0,0.0
27,1,16,0.0,0.0,0.0
27,1,17,0.0,0.0,0.0
27,1,18,0.0,0.0,0.0
27,1,19,0.0,0.0,0.0
27,1,20,0.0,0.0,0.0
27,1,24,0.3277427852153778,0.5109904408454895,-0.219078779220581
27,1,25,0.1858013272285461,0.8160043358802795,-0.31169393658638
29,0,0,0.6447548866271973,0.7725321054458618,1.8240905319544254e-07
29,0,1,0.5882315635681152,0.7543652057647705,0.0073522026650607
29,0,2,0.5411632657051086,0.7818726301193237,0.0100472876802086
29,0,3,0.5240700840950012,0.817557692527771,0.0101026995107531
29,0,4,0.5263199210166931,0.8496014475822449,0.009209731593728
29,0,5,0.5098924040794373,0.7932901382446289,0.0007207331946119
29,0,6,0.4664105474948883,0.837772786617279,-0.0025412531103938
29,0,7,0.4420675039291382,0.8620384931564331,-0.0046236594207584
29,0,8,0.4234007596969604,0.8803508877754211,-0.0046292250044643
29,0,9,0.5243455767631531,0.8271465301513672,-0.0054678251035511
29,0,10,0.4788224399089813,0.8777480125427246,-0.007223751861602
29,0,11,0.4513336420059204,0.908074676990509,-0.0099089778959751
29,0,12,0.4331458806991577,0.9296621680259703,-0.0107848886400461
29,0,13,0.547385573387146,0.8544597625732422,-0.0099299056455492
29,0,14,0.5331711769104004,0.8886735439300537,-0.0096901729702949
29,0,15,0.5437383055686951,0.8750729560852051,-0.0086900247260928
29,0,16,0.5564905405044556,0.8587568998336792,-0.0058092949911952
29,0,17,0.574685275554657,0.8751515746116638,-0.0139520736411213
29,0,18,0.5635668039321899,0.8928115963935852,-0.007272227667272
29,0,19,0.5713093876838684,0.8813244700431824,0.0011081959819421
29,0,20,0.5806735754013062,0.8676122426986694,0.0084461094811558
29,0,24,0.7210917472839355,0.5435925722122192,-0.2383080124855041
29,0,25,0.8538357019424438,0.9139288067817688,-0.6479640603065491
29,1,0,0.0,0.0,0.0
29,1,1,0.0,0.0,0.0
29,1,2,0.0,0.0,0.0
29,1,3,0.0,0.0,0.0
29,1,4,0.0,0.0,0.0
29,1,5,0.0,0.0,0.0
29,1,6,0.0,0.0,0.0
29,1,7,0.0,0.0,0.0
29,1,8,0.0,0.0,0.0
29,1,9,0.0,0.0,0.0
29,1,10,0.0,0.0,0.0
29,1,11,0.0,0.0,0.0
29,1,12,0.0,0.0,0.0
29,1,13,0.0,0.0,0.0
29,1,14,0.0,0.0,0.0
29,1,15,0.0,0.0,0.0
29,1,16,0.0,0.0,0.0
29,1,17,0.0,0.0,0.0
29,1,18,0.0,0.0,0.0
29,1,19,0.0,0.0,0.0
29,1,20,0.0,0.0,0.0
29,1,24,0.3291414380073547,0.5078467130661011,-0.3032054603099823
29,1,25,0.1887922585010528,0.8098915815353394,-0.3186142444610595
31,0,0,0.643635630607605,0.7762444615364075,2.03264207243592e-07
31,0,1,0.5881523489952087,0.7561194896697998,0.0070124492049217
31,0,2,0.5413228273391724,0.7817642092704773,0.0099823595955967
31,0,3,0.5233733654022217,0.8175358176231384,0.0104705784469842
31,0,4,0.5251476764678955,0.8494918346405029,0.0099086174741387
31,0,5,0.5113785266876221,0.7946537137031555,0.0007510790601372
31,0,6,0.4684992432594299,0.8387900590896606,-0.002625101711601
31,0,7,0.4433669447898865,0.8622641563415527,-0.0045501133427023
31,0,8,0.4243143200874328,0.8798932433128357,-0.0042940797284245
31,0,9,0.5251691937446594,0.8282450437545776,-0.0051210243254899
31,0,10,0.4804451763629913,0.877791166305542,-0.0068956376053392
31,0,11,0.4527812600135803,0.9070495367050172,-0.0095096500590443
31,0,12,0.4342492222785949,0.9276737570762634,-0.0100476844236254
31,0,13,0.5473793745040894,0.8551280498504639,-0.0093356082215905
31,0,14,0.5326843857765198,0.8890947103500366,-0.0102534070611
31,0,15,0.544484555721283,0.876876711845398,-0.0095882229506969
31,0,16,0.5578644275665283,0.8615890145301819,-0.0064524495974183
31,0,17,0.5745909214019775,0.8752902150154114,-0.0129310972988605
31,0,18,0.5646950602531433,0.8924025893211365,-0.0077713341452181
31,0,19,0.5733011364936829,0.8810456395149231,0.0001805488864192
31,0,20,0.583000898361206,0.8677873611450195,0.0076820696704089
31,0,24,0.7263002395629883,0.5403890013694763,-0.0821366608142852
31,0,25,0.8600465059280396,0.9167630672454834,-0.5262822508811951
31,1,0,0.0,0.0,0.0
31,1,1,0.0,0.0,0.0
31,1,2,0.0,0.0,0.0
31,1,3,0.0,0.0,0.0
31,1,4,0.0,0.0,0.0
31,1,5,0.0,0.0,0.0
31,1,6,0.0,0.0,0.0
31,1,7,0.0,0.0,0.0
31,1,8,0.0,0.0,0.0
31,1,9,0.0,0.0,0.0
31,1,10,0.0,0.0,0.0
31,1,11,0.0,0.0,0.0
31,1,12,0.0,0.0,0.0
31,1,13,0.0,0.0,0.0
31,1,14,0.0,0.0,0.0
31,1,15,0.0,0.0,0.0
31,1,16,0.0,0.0,0.0
31,1,17,0.0,0.0,0.0
31,1,18,0.0,0.0,0.0
31,1,19,0.0,0.0,0.0
31,1,20,0.0,0.0,0.0
31,1,24,0.3277202844619751,0.5084836483001709,-0.194074660539627
31,1,25,0.1897973716259002,0.8162345886230469,-0.3050874769687652
33,0,0,0.6465869545936584,0.7718538045883179,1.912796960823471e-07
33,0,1,0.5891799330711365,0.7540241479873657,0.0091212280094623
33,0,2,0.5410201549530029,0.7809007167816162,0.0130199268460273
33,0,3,0.5218100547790527,0.8162124752998352,0.014278526417911
33,0,4,0.522464394569397,0.8472261428833008,0.0147168794646859
33,0,5,0.5109108090400696,0.7937723994255066,0.0026775992009788
33,0,6,0.4670001268386841,0.8388882875442505,0.0016632213955745
33,0,7,0.4421263337135315,0.8617399334907532,0.0008206019410863
33,0,8,0.4228140413761139,0.8784823417663574,0.0016267508035525
33,0,9,0.5258191227912903,0.8279520273208618,-0.0031595069449394
33,0,10,0.4806784093379974,0.8775909543037415,-0.0024070923682302
33,0,11,0.4519007802009582,0.9074378609657288,-0.0042912447825074
33,0,12,0.4325957894325256,0.92855966091156,-0.0049758981913328
33,0,13,0.5487774014472961,0.8556234240531921,-0.0069561158306896
33,0,14,0.5292162895202637,0.8871129751205444,-0.0035265972837805
33,0,15,0.5386220812797546,0.874465823173523,-0.001694283564575
33,0,16,0.5521187782287598,0.8598636984825134,0.001061632647179
33,0,17,0.5756082534790039,0.8761069774627686,-0.0101569527760148
33,0,18,0.5606568455696106,0.8909236192703247,-0.000538834312465
33,0,19,0.5666996836662292,0.880127489566803,0.0088332435116171
33,0,20,0.5761599540710449,0.8681063055992126,0.0164828021079301
33,0,24,0.7303202748298645,0.5472874045372009,-0.1588747501373291
33,0,25,0.863079845905304,0.9291081428527832,-0.5864140391349792
33,1,0,0.0,0.0,0.0
33,1,1,0.0,0.0,0.0
33,1,2,0.0,0.0,0.0
33,1,3,0.0,0.0,0.0
33,1,4,0.0,0.0,0.0
33,1,5,0.0,0.0,0.0
33,1,6,0.0,0.0,0.0
33,1,7,0.0,0.0,0.0
33,1,8,0.0,0.0,0.0
33,1,9,0.0,0.0,0.0
33,1,10,0.0,0.0,0.0
33,1,11,0.0,0.0,0.0
33,1,12,0.0,0.0,0.0
33,1,13,0.0,0.0,0.0
33,1,14,0.0,0.0,0.0
33,1,15,0.0,0.0,0.0
33,1,16,0.0,0.0,0.0
33,1,17,0.0,0.0,0.0
33,1,18,0.0,0.0,0.0
33,1,19,0.0,0.0,0.0
33,1,20,0.0,0.0,0.0
33,1,24,0.3255837559700012,0.5119238495826721,-0.2164892852306366
33,1,25,0.1865208446979522,0.8237470388412476,-0.2387174367904663
34,0,0,0.6441837549209595,0.7737560272216797,2.045240563575135e-07
34,0,1,0.5867831110954285,0.7546167969703674,0.0055862930603325
34,0,2,0.5389811992645264,0.7811622619628906,0.0077258637174963
34,0,3,0.5227786898612976,0.8183473944664001,0.00757224438712
34,0,4,0.5262746810913086,0.8498744368553162,0.0064878845587372
34,0,5,0.5116662383079529,0.7933010458946228,-0.0013899700716137
34,0,6,0.468365728855133,0.8357370495796204,-0.0054379198700189
34,0,7,0.4427185356616974,0.8600866198539734,-0.0078872628509998
34,0,8,0.4233491122722626,0.8779448866844177,-0.0082317385822534
34,0,9,0.5261073708534241,0.8274142742156982,-0.0069287428632378
34,0,10,0.4816884100437164,0.8768267631530762,-0.0097503270953893
34,0,11,0.4529094398021698,0.9073023796081544,-0.0127528859302401
34,0,12,0.4339613616466522,0.9286391735076904,-0.0137414168566465
34,0,13,0.5489431619644165,0.8544010519981384,-0.0108477743342518
34,0,14,0.531237006187439,0.8868297934532166,-0.0121337305754423
34,0,15,0.5412409901618958,0.8737412691116333,-0.01111975684762
34,0,16,0.5547691583633423,0.8581817746162415,-0.007934421300888
34,0,17,0.5760560631752014,0.8739880323410034,-0.0143861267715692
34,0,18,0.5646536350250244,0.8883990049362183,-0.0098608480766415
34,0,19,0.571315586566925,0.8765425682067871,-0.0023533967323601
34,0,20,0.5804216861724854,0.863543689250946,0.0047210953198373
34,0,24,0.7327219247817993,0.5516200661659241,-0.1634614765644073
34,0,25,0.857845664024353,0.9308939576148988,-0.5883437395095825
34,1,0,0.0,0.0,0.0
34,1,1,0.0,0.0,0.0
34,1,2,0.0,0.0,0.0
34,1,3,0.0,0.0,0.0
34,1,4,0.0,0.0,0.0
34,1,5,0.0,0.0,0.0
34,1,6,0.0,0.0,0.0
34,1,7,0.0,0.0,0.0
34,1,8,0.0,0.0,0.0
34,1,9,0.0,0.0,0.0
34,1,10,0.0,0.0,0.0
34,1,11,0.0,0.0,0.0
34,1,12,0.0,0.0,0.0
34,1,13,0.0,0.0,0.0
34,1,14,0.0,0.0,0.0
34,1,15,0.0,0.0,0.0
34,1,16,0.0,0.0,0.0
34,1,17,0.0,0.0,0.0
34,1,18,0.0,0.0,0.0
34,1,19,0.0,0.0,0.0
34,1,20,0.0,0.0,0.0
34,1,24,0.326775461435318,0.512715220451355,-0.1907370537519455
34,1,25,0.1843811869621276,0.8144524097442627,-0.305244505405426
35,0,0,0.6440005302429199,0.7711085081100464,1.928071924339747e-07
35,0,1,0.5874770879745483,0.7551017999649048,0.008627432398498
35,0,2,0.5410943627357483,0.7806183695793152,0.0111671732738614
35,0,3,0.524857223033905,0.8150737881660461,0.0107046924531459
35,0,4,0.5273820161819458,0.8458511233329773,0.0091858673840761
35,0,5,0.5120774507522583,0.7929781675338745,-0.0001483341911807
35,0,6,0.4682073891162872,0.8360236883163452,-0.0042234053835272
35,0,7,0.4423959255218506,0.8595976829528809,-0.0064783277921378
35,0,8,0.4225222170352936,0.8762553930282593,-0.006569146644324
35,0,9,0.5260641574859619,0.8262590765953064,-0.0070609655231237
35,0,10,0.4820312857627868,0.8760681748390198,-0.0099283009767532
35,0,11,0.4536059498786926,0.906121790409088,-0.0128480438143014
35,0,12,0.4340960085391998,0.9267497658729552,-0.013811083510518
35,0,13,0.5484763383865356,0.8532543182373047,-0.0119938533753156
35,0,14,0.5319826602935791,0.8867281675338745,-0.0120649365708231
35,0,15,0.5416845679283142,0.8744972944259644,-0.0102881109341979
35,0,16,0.554043173789978,0.859362781047821,-0.006892507430166
35,0,17,0.5756658315658569,0.8730955123901367,-0.016373835504055
35,0,18,0.5647685527801514,0.8891537189483643,-0.0099795497953891
35,0,19,0.5707751512527466,0.8784311413764954,-0.0013592626200988
35,0,20,0.5790022611618042,0.8658043742179871,0.0062890681438148
35,0,24,0.7337388396263123,0.5486771464347839,-0.1399034112691879
35,0,25,0.856882631778717,0.9292531609535216,-0.5398198962211609
35,1,0,0.0,0.0,0.0
35,1,1,0.0,0.0,0.0
35,1,2,0.0,0.0,0.0
35,1,3,0.0,0.0,0.0
35,1,4,0.0,0.0,0.0
35,1,5,0.0,0.0,0.0
35,1,6,0.0,0.0,0.0
35,1,7,0.0,0.0,0.0
35,1,8,0.0,0.0,0.0
35,1,9,0.0,0.0,0.0
35,1,10,0.0,0.0,0.0
35,1,11,0.0,0.0,0.0
35,1,12,0.0,0.0,0.0
35,1,13,0.0,0.0,0.0
35,1,14,0.0,0.0,0.0
35,1,15,0.0,0.0,0.0
35,1,16,0.0,0.0,0.0
35,1,17,0.0,0.0,0.0
35,1,18,0.0,0.0,0.0
35,1,19,0.0,0.0,0.0
35,1,20,0.0,0.0,0.0
35,1,24,0.3266950845718384,0.5134663581848145,-0.180169329047203
35,1,25,0.1860594749450683,0.8180661201477051,-0.2423067092895507
