Frame,Hand,Landmark,X,Y,Z
3,0,0,0.6171521544456482,0.6916364431381226,7.429679982351446e-08
3,0,1,0.6346263289451599,0.6476659178733826,-0.008703283034265
3,0,2,0.6328357458114624,0.5935117602348328,-0.0192233324050903
3,0,3,0.6139794588088989,0.5568738579750061,-0.0262564793229103
3,0,4,0.5866762399673462,0.5528882145881653,-0.0330104641616344
3,0,5,0.6251222491264343,0.6214451193809509,-0.0476378314197063
3,0,6,0.580508828163147,0.5712045431137085,-0.0621051974594593
3,0,7,0.5701450109481812,0.556620717048645,-0.0641670227050781
3,0,8,0.5679544806480408,0.5542622804641724,-0.0623324252665042
3,0,9,0.5987226366996765,0.6454610228538513,-0.0479388944804668
3,0,10,0.5562970042228699,0.5849325656890869,-0.0610597096383571
3,0,11,0.5679940581321716,0.5850823521614075,-0.0573681779205799
3,0,12,0.5819103121757507,0.6010646224021912,-0.053246084600687
3,0,13,0.573470413684845,0.6634302139282227,-0.0460318475961685
3,0,14,0.5379726886749268,0.6035412549972534,-0.0514621995389461
3,0,15,0.5509234666824341,0.6068572998046875,-0.0390500575304031
3,0,16,0.5640972852706909,0.6220428943634033,-0.0307866353541612
3,0,17,0.5511126518249512,0.6757678389549255,-0.0445437096059322
3,0,18,0.5261011123657227,0.6249188780784607,-0.0451582372188568
3,0,19,0.5374160408973694,0.6275516152381897,-0.0351281128823757
3,0,20,0.5477002263069153,0.6417757272720337,-0.0287086572498083
3,1,0,0.0,0.0,0.0
3,1,1,0.0,0.0,0.0
3,1,2,0.0,0.0,0.0
3,1,3,0.0,0.0,0.0
3,1,4,0.0,0.0,0.0
3,1,5,0.0,0.0,0.0
3,1,6,0.0,0.0,0.0
3,1,7,0.0,0.0,0.0
3,1,8,0.0,0.0,0.0
3,1,9,0.0,0.0,0.0
3,1,10,0.0,0.0,0.0
3,1,11,0.0,0.0,0.0
3,1,12,0.0,0.0,0.0
3,1,13,0.0,0.0,0.0
3,1,14,0.0,0.0,0.0
3,1,15,0.0,0.0,0.0
3,1,16,0.0,0.0,0.0
3,1,17,0.0,0.0,0.0
3,1,18,0.0,0.0,0.0
3,1,19,0.0,0.0,0.0
3,1,20,0.0,0.0,0.0
4,0,0,0.6173627972602844,0.6918655037879944,9.35361796905454e-08
4,0,1,0.6349591612815857,0.6475453972816467,-0.0092954589053988
4,0,2,0.6326004862785339,0.5934752821922302,-0.020328989252448
4,0,3,0.6144132614135742,0.5565251111984253,-0.0276210680603981
4,0,4,0.5870793461799622,0.5512893199920654,-0.0347779244184494
4,0,5,0.6254301071166992,0.622333288192749,-0.0503748692572116
4,0,6,0.5808915495872498,0.5711660385131836,-0.0650109648704528
4,0,7,0.569990873336792,0.5549834966659546,-0.0669153705239296
4,0,8,0.5671007633209229,0.5511766076087952,-0.0649695843458175
4,0,9,0.5989905595779419,0.6463149189949036,-0.0503641031682491
4,0,10,0.5567951798439026,0.5852192044258118,-0.0634130612015724
4,0,11,0.5681378245353699,0.584447979927063,-0.0592122711241245
4,0,12,0.5816985368728638,0.5997931957244873,-0.0548937954008579
4,0,13,0.5734157562255859,0.6643509864807129,-0.0480433702468872
4,0,14,0.5377635955810547,0.6035337448120117,-0.0535626709461212
4,0,15,0.5508205890655518,0.6064153909683228,-0.0408625267446041
4,0,16,0.5638577342033386,0.6214441657066345,-0.0325118005275726
4,0,17,0.5509200096130371,0.6764869093894958,-0.04612522944808
4,0,18,0.5253744125366211,0.6248986124992371,-0.0471735745668411
4,0,19,0.537105917930603,0.627467691898346,-0.0370526425540447
4,0,20,0.5475775599479675,0.6419164538383484,-0.0305289234966039
4,1,0,0.0,0.0,0.0
4,1,1,0.0,0.0,0.0
4,1,2,0.0,0.0,0.0
4,1,3,0.0,0.0,0.0
4,1,4,0.0,0.0,0.0
4,1,5,0.0,0.0,0.0
4,1,6,0.0,0.0,0.0
4,1,7,0.0,0.0,0.0
4,1,8,0.0,0.0,0.0
4,1,9,0.0,0.0,0.0
4,1,10,0.0,0.0,0.0
4,1,11,0.0,0.0,0.0
4,1,12,0.0,0.0,0.0
4,1,13,0.0,0.0,0.0
4,1,14,0.0,0.0,0.0
4,1,15,0.0,0.0,0.0
4,1,16,0.0,0.0,0.0
4,1,17,0.0,0.0,0.0
4,1,18,0.0,0.0,0.0
4,1,19,0.0,0.0,0.0
4,1,20,0.0,0.0,0.0
5,0,0,0.6178447008132935,0.6899470686912537,1.221822003572015e-07
5,0,1,0.6359338164329529,0.647644579410553,-0.0098391948267817
5,0,2,0.6369558572769165,0.5951703786849976,-0.0201311036944389
5,0,3,0.6197658777236938,0.560590922832489,-0.0264066625386476
5,0,4,0.5937967896461487,0.5483534932136536,-0.0324713476002216
5,0,5,0.6271059513092041,0.6203383207321167,-0.049303650856018
5,0,6,0.5850275754928589,0.5732824802398682,-0.061757668852806
5,0,7,0.5681021809577942,0.5518110394477844,-0.0628827288746833
5,0,8,0.5573409199714661,0.5402556657791138,-0.0615716315805912
5,0,9,0.5990097522735596,0.6435738205909729,-0.0490865260362625
5,0,10,0.5579609274864197,0.5825719237327576,-0.062348622828722
5,0,11,0.5709328651428223,0.5798170566558838,-0.0593707785010337
5,0,12,0.585444986820221,0.5950340628623962,-0.0555490143597126
5,0,13,0.5733221769332886,0.6606091856956482,-0.0462501496076583
5,0,14,0.5394271016120911,0.5993568301200867,-0.0515624061226844
5,0,15,0.552827000617981,0.5997381806373596,-0.0401814468204975
5,0,16,0.5658969879150391,0.6141020059585571,-0.032607190310955
5,0,17,0.5511006712913513,0.6716499328613281,-0.0438085459172725
5,0,18,0.5262836217880249,0.6205820441246033,-0.0450218208134174
5,0,19,0.5392566323280334,0.6219963431358337,-0.0359511710703372
5,0,20,0.5510011315345764,0.6362161040306091,-0.0300678107887506
5,1,0,0.0,0.0,0.0
5,1,1,0.0,0.0,0.0
5,1,2,0.0,0.0,0.0
5,1,3,0.0,0.0,0.0
5,1,4,0.0,0.0,0.0
5,1,5,0.0,0.0,0.0
5,1,6,0.0,0.0,0.0
5,1,7,0.0,0.0,0.0
5,1,8,0.0,0.0,0.0
5,1,9,0.0,0.0,0.0
5,1,10,0.0,0.0,0.0
5,1,11,0.0,0.0,0.0
5,1,12,0.0,0.0,0.0
5,1,13,0.0,0.0,0.0
5,1,14,0.0,0.0,0.0
5,1,15,0.0,0.0,0.0
5,1,16,0.0,0.0,0.0
5,1,17,0.0,0.0,0.0
5,1,18,0.0,0.0,0.0
5,1,19,0.0,0.0,0.0
5,1,20,0.0,0.0,0.0
7,0,0,0.6224517226219177,0.6805256605148315,2.1402680516757755e-08
7,0,1,0.6413541436195374,0.6369727849960327,-0.0074241557158529
7,0,2,0.6440742015838623,0.5804570913314819,-0.0179581549018621
7,0,3,0.6253609657287598,0.5443401336669922,-0.0253874398767948
7,0,4,0.5970886945724487,0.5446335077285767,-0.0324054881930351
7,0,5,0.6309747099876404,0.6132758855819702,-0.0446674153208732
7,0,6,0.5930925607681274,0.5600358843803406,-0.0608255974948406
7,0,7,0.5798348188400269,0.5450724363327026,-0.0646766945719719
7,0,8,0.5745254755020142,0.5420210957527161,-0.0642172321677208
7,0,9,0.6026232242584229,0.6352449655532837,-0.0467783100903034
7,0,10,0.5664234161376953,0.5678837299346924,-0.0639069899916648
7,0,11,0.5785772800445557,0.5717054009437561,-0.0617206543684005
7,0,12,0.5938809514045715,0.591593861579895,-0.0571717247366905
7,0,13,0.5761423707008362,0.6490880846977234,-0.0467432849109172
7,0,14,0.5485767722129822,0.5855228900909424,-0.0555496253073215
7,0,15,0.5600306391716003,0.5922490954399109,-0.0432500056922435
7,0,16,0.571679413318634,0.6093278527259827,-0.0338281840085983
7,0,17,0.5534342527389526,0.6571531891822815,-0.0469939410686492
7,0,18,0.5329519510269165,0.6032237410545349,-0.0476220697164535
7,0,19,0.5440403819084167,0.6107260584831238,-0.0358375310897827
7,0,20,0.5535739660263062,0.6287542581558228,-0.0280122347176074
7,1,0,0.0,0.0,0.0
7,1,1,0.0,0.0,0.0
7,1,2,0.0,0.0,0.0
7,1,3,0.0,0.0,0.0
7,1,4,0.0,0.0,0.0
7,1,5,0.0,0.0,0.0
7,1,6,0.0,0.0,0.0
7,1,7,0.0,0.0,0.0
7,1,8,0.0,0.0,0.0
7,1,9,0.0,0.0,0.0
7,1,10,0.0,0.0,0.0
7,1,11,0.0,0.0,0.0
7,1,12,0.0,0.0,0.0
7,1,13,0.0,0.0,0.0
7,1,14,0.0,0.0,0.0
7,1,15,0.0,0.0,0.0
7,1,16,0.0,0.0,0.0
7,1,17,0.0,0.0,0.0
7,1,18,0.0,0.0,0.0
7,1,19,0.0,0.0,0.0
7,1,20,0.0,0.0,0.0
8,0,0,0.6199803948402405,0.6513558626174927,9.104343234866977e-08
8,0,1,0.645910918712616,0.6141275763511658,-0.0120947016403079
8,0,2,0.6529570817947388,0.5588706731796265,-0.0249837413430213
8,0,3,0.6417059898376465,0.5178972482681274,-0.034061525017023
8,0,4,0.6152851581573486,0.5134315490722656,-0.042940579354763
8,0,5,0.6384018063545227,0.5846937298774719,-0.050246711820364
8,0,6,0.6072921752929688,0.522912859916687,-0.0631854012608528
8,0,7,0.5920441150665283,0.493075966835022,-0.0644440799951553
8,0,8,0.580592155456543,0.4749154448509216,-0.063837930560112
8,0,9,0.6092092990875244,0.6028334498405457,-0.0508993938565254
8,0,10,0.5802605748176575,0.5320907831192017,-0.0674603506922721
8,0,11,0.5936087965965271,0.5316371917724609,-0.0646588429808616
8,0,12,0.6078904867172241,0.5495097041130066,-0.0602134503424167
8,0,13,0.5810555815696716,0.6154884696006775,-0.0492404513061046
8,0,14,0.5624690055847168,0.5490590333938599,-0.0587149821221828
8,0,15,0.5745742321014404,0.5527952909469604,-0.0473232455551624
8,0,16,0.584875762462616,0.5700175762176514,-0.0387349426746368
8,0,17,0.5561246871948242,0.6216614842414856,-0.0482201278209686
8,0,18,0.5424706339836121,0.5658166408538818,-0.0506460666656494
8,0,19,0.5554909110069275,0.5689471960067749,-0.0407253727316856
8,0,20,0.565723180770874,0.585851788520813,-0.0342156440019607
8,1,0,0.0,0.0,0.0
8,1,1,0.0,0.0,0.0
8,1,2,0.0,0.0,0.0
8,1,3,0.0,0.0,0.0
8,1,4,0.0,0.0,0.0
8,1,5,0.0,0.0,0.0
8,1,6,0.0,0.0,0.0
8,1,7,0.0,0.0,0.0
8,1,8,0.0,0.0,0.0
8,1,9,0.0,0.0,0.0
8,1,10,0.0,0.0,0.0
8,1,11,0.0,0.0,0.0
8,1,12,0.0,0.0,0.0
8,1,13,0.0,0.0,0.0
8,1,14,0.0,0.0,0.0
8,1,15,0.0,0.0,0.0
8,1,16,0.0,0.0,0.0
8,1,17,0.0,0.0,0.0
8,1,18,0.0,0.0,0.0
8,1,19,0.0,0.0,0.0
8,1,20,0.0,0.0,0.0
9,0,0,0.6232134699821472,0.6366788744926453,1.2003128802007268e-07
9,0,1,0.648804783821106,0.5998719334602356,-0.0099172964692115
9,0,2,0.6562309861183167,0.5497185587882996,-0.0213159769773483
9,0,3,0.6476069092750549,0.5142320990562439,-0.0300548691302537
9,0,4,0.633507251739502,0.4932934641838074,-0.0390623956918716
9,0,5,0.6470357179641724,0.5625526309013367,-0.0445658825337886
9,0,6,0.6204975247383118,0.5020427107810974,-0.058339238166809
9,0,7,0.6029908061027527,0.4651403427124023,-0.0616712756454944
9,0,8,0.5862684845924377,0.4406493306159973,-0.0628681853413581
9,0,9,0.6155139207839966,0.5785695910453796,-0.0471283681690692
9,0,10,0.5871919393539429,0.5088964700698853,-0.0658169537782669
9,0,11,0.5997347831726074,0.5130586624145508,-0.065255731344223
9,0,12,0.6116344332695007,0.5348256230354309,-0.0614708252251148
9,0,13,0.5870453119277954,0.5915502309799194,-0.0473942346870899
9,0,14,0.567879855632782,0.5246544480323792,-0.0597953051328659
9,0,15,0.5793375968933105,0.530571460723877,-0.0486898608505725
9,0,16,0.588498592376709,0.5498343110084534,-0.0391488075256347
9,0,17,0.5618004202842712,0.6007543802261353,-0.0479543954133987
9,0,18,0.5500075817108154,0.5436671376228333,-0.0539828315377235
9,0,19,0.5626290440559387,0.5509603023529053,-0.0439084246754646
9,0,20,0.5716286897659302,0.5710736513137817,-0.0359028130769729
9,1,0,0.0,0.0,0.0
9,1,1,0.0,0.0,0.0
9,1,2,0.0,0.0,0.0
9,1,3,0.0,0.0,0.0
9,1,4,0.0,0.0,0.0
9,1,5,0.0,0.0,0.0
9,1,6,0.0,0.0,0.0
9,1,7,0.0,0.0,0.0
9,1,8,0.0,0.0,0.0
9,1,9,0.0,0.0,0.0
9,1,10,0.0,0.0,0.0
9,1,11,0.0,0.0,0.0
9,1,12,0.0,0.0,0.0
9,1,13,0.0,0.0,0.0
9,1,14,0.0,0.0,0.0
9,1,15,0.0,0.0,0.0
9,1,16,0.0,0.0,0.0
9,1,17,0.0,0.0,0.0
9,1,18,0.0,0.0,0.0
9,1,19,0.0,0.0,0.0
9,1,20,0.0,0.0,0.0
10,0,0,0.6315174102783203,0.6164935827255249,1.053973122111529e-07
10,0,1,0.6533102989196777,0.5796205997467041,-0.0079041477292776
10,0,2,0.6557921171188354,0.527977466583252,-0.0173311494290828
10,0,3,0.6437838077545166,0.4902732670307159,-0.0243459157645702
10,0,4,0.6221631765365601,0.4726539254188537,-0.0321367532014846
10,0,5,0.6526215672492981,0.5304855704307556,-0.043684110045433
10,0,6,0.6227167248725891,0.4688038527965545,-0.0565098784863948
10,0,7,0.6040507555007935,0.4359281361103058,-0.0599200464785099
10,0,8,0.5875757336616516,0.412750095129013,-0.0614469870924949
10,0,9,0.6229785680770874,0.5471793413162231,-0.0460334084928035
10,0,10,0.5919755101203918,0.4868107438087463,-0.0611146576702594
10,0,11,0.5997563004493713,0.4939971566200256,-0.0592587888240814
10,0,12,0.6111090779304504,0.5123836994171143,-0.0562137924134731
10,0,13,0.5938833951950073,0.5620414018630981,-0.0460703708231449
10,0,14,0.5702346563339233,0.5037516951560974,-0.0546174123883247
10,0,15,0.578053891658783,0.512103796005249,-0.0426783598959445
10,0,16,0.5876873135566711,0.5303311944007874,-0.0342812426388263
10,0,17,0.567773163318634,0.573503851890564,-0.0465287938714027
10,0,18,0.5554517507553101,0.5218575596809387,-0.0511453598737716
10,0,19,0.5642266273498535,0.5302427411079407,-0.0412952117621898
10,0,20,0.5714719891548157,0.5495880246162415,-0.0339676104485988
10,1,0,0.0,0.0,0.0
10,1,1,0.0,0.0,0.0
10,1,2,0.0,0.0,0.0
10,1,3,0.0,0.0,0.0
10,1,4,0.0,0.0,0.0
10,1,5,0.0,0.0,0.0
10,1,6,0.0,0.0,0.0
10,1,7,0.0,0.0,0.0
10,1,8,0.0,0.0,0.0
10,1,9,0.0,0.0,0.0
10,1,10,0.0,0.0,0.0
10,1,11,0.0,0.0,0.0
10,1,12,0.0,0.0,0.0
10,1,13,0.0,0.0,0.0
10,1,14,0.0,0.0,0.0
10,1,15,0.0,0.0,0.0
10,1,16,0.0,0.0,0.0
10,1,17,0.0,0.0,0.0
10,1,18,0.0,0.0,0.0
10,1,19,0.0,0.0,0.0
10,1,20,0.0,0.0,0.0
12,0,0,0.6276473999023438,0.5392556190490723,-3.200652187729247e-08
12,0,1,0.6499841809272766,0.4978449046611786,-0.0003881314478348
12,0,2,0.6493865251541138,0.4480461180210113,-0.0031259888783097
12,0,3,0.6366527676582336,0.4097423553466797,-0.0052841547876596
12,0,4,0.6191267371177673,0.38989919424057,-0.0082141077145934
12,0,5,0.6453092694282532,0.4380940198898315,-0.0197182260453701
12,0,6,0.6177691221237183,0.3911274373531341,-0.0271013751626014
12,0,7,0.5979611873626709,0.3675037324428558,-0.0293339453637599
12,0,8,0.580978274345398,0.3517071604728699,-0.0304836779832839
12,0,9,0.6172596216201782,0.4527596235275268,-0.0235097147524356
12,0,10,0.5866994857788086,0.4141054153442383,-0.0309668555855751
12,0,11,0.5894076824188232,0.4238737821578979,-0.0280281268060207
12,0,12,0.5981354713439941,0.4386126399040222,-0.0253782160580158
12,0,13,0.5896137952804565,0.4690305590629577,-0.0259892269968986
12,0,14,0.5682909488677979,0.4353232383728027,-0.0297838877886533
12,0,15,0.5719422101974487,0.4436359405517578,-0.0208245199173688
12,0,16,0.5786886215209961,0.4565121233463287,-0.0151093211024999
12,0,17,0.564075231552124,0.4838409423828125,-0.0284471195191144
12,0,18,0.5523872375488281,0.4534040987491607,-0.0284419879317283
12,0,19,0.557514488697052,0.4615163505077362,-0.0196488928049802
12,0,20,0.5624995231628418,0.473949521780014,-0.0133587811142206
12,1,0,0.0,0.0,0.0
12,1,1,0.0,0.0,0.0
12,1,2,0.0,0.0,0.0
12,1,3,0.0,0.0,0.0
12,1,4,0.0,0.0,0.0
12,1,5,0.0,0.0,0.0
12,1,6,0.0,0.0,0.0
12,1,7,0.0,0.0,0.0
12,1,8,0.0,0.0,0.0
12,1,9,0.0,0.0,0.0
12,1,10,0.0,0.0,0.0
12,1,11,0.0,0.0,0.0
12,1,12,0.0,0.0,0.0
12,1,13,0.0,0.0,0.0
12,1,14,0.0,0.0,0.0
12,1,15,0.0,0.0,0.0
12,1,16,0.0,0.0,0.0
12,1,17,0.0,0.0,0.0
12,1,18,0.0,0.0,0.0
12,1,19,0.0,0.0,0.0
12,1,20,0.0,0.0,0.0
13,0,0,0.622420608997345,0.5015051364898682,-1.5893600391336804e-07
13,0,1,0.6434223651885986,0.4605545401573181,-6.2774503021501e-05
13,0,2,0.6381173133850098,0.420643538236618,-0.0009385839221067
13,0,3,0.6164798140525818,0.3968411087989807,-0.002662292914465
13,0,4,0.5938536524772644,0.3912299275398254,-0.0040504969656467
13,0,5,0.6238976716995239,0.3981814086437225,-0.0049275797791779
13,0,6,0.5967348217964172,0.363951712846756,-0.0127745037898421
13,0,7,0.5792852640151978,0.3602788746356964,-0.0172512345016002
13,0,8,0.5703813433647156,0.366514652967453,-0.0191496051847934
13,0,9,0.5982495546340942,0.4110766649246216,-0.0070503135211765
13,0,10,0.5743076801300049,0.397111177444458,-0.0121414950117468
13,0,11,0.577970564365387,0.4093780219554901,-0.0123612033203244
13,0,12,0.5885210633277893,0.4243117272853851,-0.0121695632115006
13,0,13,0.5751387476921082,0.430064857006073,-0.0091828415170311
13,0,14,0.5610970258712769,0.4222983419895172,-0.013300702907145
13,0,15,0.5696137547492981,0.4339683055877685,-0.009943070821464
13,0,16,0.5810263752937317,0.4464838206768036,-0.0075172339566051
13,0,17,0.5544686913490295,0.4506315290927887,-0.0113729732111096
13,0,18,0.5507757067680359,0.4440104961395263,-0.0127087961882352
13,0,19,0.558887243270874,0.4531982541084289,-0.008632100187242
13,0,20,0.568390965461731,0.462195336818695,-0.0048821531236171
13,1,0,0.0,0.0,0.0
13,1,1,0.0,0.0,0.0
13,1,2,0.0,0.0,0.0
13,1,3,0.0,0.0,0.0
13,1,4,0.0,0.0,0.0
13,1,5,0.0,0.0,0.0
13,1,6,0.0,0.0,0.0
13,1,7,0.0,0.0,0.0
13,1,8,0.0,0.0,0.0
13,1,9,0.0,0.0,0.0
13,1,10,0.0,0.0,0.0
13,1,11,0.0,0.0,0.0
13,1,12,0.0,0.0,0.0
13,1,13,0.0,0.0,0.0
13,1,14,0.0,0.0,0.0
13,1,15,0.0,0.0,0.0
13,1,16,0.0,0.0,0.0
13,1,17,0.0,0.0,0.0
13,1,18,0.0,0.0,0.0
13,1,19,0.0,0.0,0.0
13,1,20,0.0,0.0,0.0
15,0,0,0.6199753880500793,0.4747225642204284,-2.193360586488781e-07
15,0,1,0.6359861493110657,0.4330886602401733,0.0011732125421985
15,0,2,0.6255828142166138,0.3975909650325775,0.0016176435165107
15,0,3,0.602347731590271,0.3852176666259765,0.0006436402909457
15,0,4,0.5813372731208801,0.3889254331588745,-9.521085303276776e-06
15,0,5,0.5982096791267395,0.3683793842792511,0.0025136552285403
15,0,6,0.5758960247039795,0.3584875464439392,-0.0038116122595965
15,0,7,0.5736059546470642,0.3727836310863495,-0.0089808078482747
15,0,8,0.581051230430603,0.3849328756332397,-0.0118040814995765
15,0,9,0.5750918388366699,0.3791246116161346,-0.001449286355637
15,0,10,0.5601241588592529,0.3833670020103454,-0.0038478935603052
15,0,11,0.566532552242279,0.3981635570526123,-0.0050081615336239
15,0,12,0.5785964131355286,0.4065141379833221,-0.0055860141292214
15,0,13,0.5559484958648682,0.3997741341590881,-0.005792171228677
15,0,14,0.5473358631134033,0.4087649285793304,-0.0080872103571891
15,0,15,0.557977557182312,0.4223429560661316,-0.0064604002982378
15,0,16,0.5706928372383118,0.4291907548904419,-0.0056620747782289
15,0,17,0.5394541621208191,0.4234732985496521,-0.0104152327403426
15,0,18,0.5395280718803406,0.4354112148284912,-0.0120665812864899
15,0,19,0.5508497953414917,0.4467248022556305,-0.0091622630134224
15,0,20,0.5611132979393005,0.451874315738678,-0.0059168101288378
15,1,0,0.0,0.0,0.0
15,1,1,0.0,0.0,0.0
15,1,2,0.0,0.0,0.0
15,1,3,0.0,0.0,0.0
15,1,4,0.0,0.0,0.0
15,1,5,0.0,0.0,0.0
15,1,6,0.0,0.0,0.0
15,1,7,0.0,0.0,0.0
15,1,8,0.0,0.0,0.0
15,1,9,0.0,0.0,0.0
15,1,10,0.0,0.0,0.0
15,1,11,0.0,0.0,0.0
15,1,12,0.0,0.0,0.0
15,1,13,0.0,0.0,0.0
15,1,14,0.0,0.0,0.0
15,1,15,0.0,0.0,0.0
15,1,16,0.0,0.0,0.0
15,1,17,0.0,0.0,0.0
15,1,18,0.0,0.0,0.0
15,1,19,0.0,0.0,0.0
15,1,20,0.0,0.0,0.0
17,0,0,0.6082099080085754,0.4560728073120117,-3.183215824265062e-07
17,0,1,0.6173897981643677,0.4113598465919494,-0.0021728759165853
17,0,2,0.6030706763267517,0.3822718262672424,-0.005328431725502
17,0,3,0.5790116786956787,0.3779358863830566,-0.008877832442522
17,0,4,0.5577821731567383,0.3900848627090454,-0.0127528235316276
17,0,5,0.5824922919273376,0.356236845254898,-0.0064932848326861
17,0,6,0.563971996307373,0.3665158748626709,-0.0151553880423307
17,0,7,0.5716462731361389,0.3843443095684051,-0.0221758801490068
17,0,8,0.5840052962303162,0.3930681943893432,-0.026985764503479
17,0,9,0.5595405101776123,0.3675098717212677,-0.009604905731976
17,0,10,0.5476712584495544,0.3840706050395965,-0.0143385976552963
17,0,11,0.5562633275985718,0.4014485478401184,-0.0172484666109085
17,0,12,0.5696818828582764,0.4077975153923034,-0.0197110697627067
17,0,13,0.5413756370544434,0.3895422518253326,-0.0127026597037911
17,0,14,0.532202422618866,0.407115489244461,-0.018203567713499
17,0,15,0.5460027456283569,0.4219076931476593,-0.0180591456592082
17,0,16,0.5612571835517883,0.4251984059810638,-0.0185511708259582
17,0,17,0.5261279344558716,0.4151073694229126,-0.0159307066351175
17,0,18,0.5294515490531921,0.4375086426734924,-0.0224219318479299
17,0,19,0.5435277819633484,0.4505511522293091,-0.0214683171361684
17,0,20,0.5555980205535889,0.45349782705307,-0.0193456877022981
17,1,0,0.0,0.0,0.0
17,1,1,0.0,0.0,0.0
17,1,2,0.0,0.0,0.0
17,1,3,0.0,0.0,0.0
17,1,4,0.0,0.0,0.0
17,1,5,0.0,0.0,0.0
17,1,6,0.0,0.0,0.0
17,1,7,0.0,0.0,0.0
17,1,8,0.0,0.0,0.0
17,1,9,0.0,0.0,0.0
17,1,10,0.0,0.0,0.0
17,1,11,0.0,0.0,0.0
17,1,12,0.0,0.0,0.0
17,1,13,0.0,0.0,0.0
17,1,14,0.0,0.0,0.0
17,1,15,0.0,0.0,0.0
17,1,16,0.0,0.0,0.0
17,1,17,0.0,0.0,0.0
17,1,18,0.0,0.0,0.0
17,1,19,0.0,0.0,0.0
17,1,20,0.0,0.0,0.0
18,0,0,0.6009857654571533,0.4536753296852112,-3.100069534411887e-07
18,0,1,0.6109241247177124,0.4124014377593994,-0.0060786646790802
18,0,2,0.5954338908195496,0.389318585395813,-0.012346195988357
18,0,3,0.5700691342353821,0.3898540437221527,-0.0179288145154714
18,0,4,0.5489892959594727,0.4038261771202087,-0.0239884071052074
18,0,5,0.5770513415336609,0.3676476180553436,-0.0161887127906084
18,0,6,0.5659598112106323,0.3845441937446594,-0.02911994792521
18,0,7,0.5752085447311401,0.4028425812721252,-0.0388180948793888
18,0,8,0.5877974033355713,0.4114576578140259,-0.0452211797237396
18,0,9,0.5527893304824829,0.3799928724765777,-0.0182914417237043
18,0,10,0.5467895865440369,0.3981408476829529,-0.0275671258568763
18,0,11,0.5570946931838989,0.41677126288414,-0.0315938554704189
18,0,12,0.5714008212089539,0.4235939383506775,-0.0345221608877182
18,0,13,0.5343047380447388,0.4018098413944244,-0.0203426051884889
18,0,14,0.5286677479743958,0.4209517240524292,-0.0297352671623229
18,0,15,0.5450030565261841,0.4359187483787536,-0.0295033268630504
18,0,16,0.5618019104003906,0.4380489587783813,-0.0294484309852123
18,0,17,0.5188447833061218,0.4263513684272766,-0.022602530196309
18,0,18,0.525628924369812,0.4502425193786621,-0.0323162488639354
18,0,19,0.5420151352882385,0.4614818096160888,-0.0316478125751018
18,0,20,0.5555750727653503,0.4613645076751709,-0.0293916165828704
18,1,0,0.0,0.0,0.0
18,1,1,0.0,0.0,0.0
18,1,2,0.0,0.0,0.0
18,1,3,0.0,0.0,0.0
18,1,4,0.0,0.0,0.0
18,1,5,0.0,0.0,0.0
18,1,6,0.0,0.0,0.0
18,1,7,0.0,0.0,0.0
18,1,8,0.0,0.0,0.0
18,1,9,0.0,0.0,0.0
18,1,10,0.0,0.0,0.0
18,1,11,0.0,0.0,0.0
18,1,12,0.0,0.0,0.0
18,1,13,0.0,0.0,0.0
18,1,14,0.0,0.0,0.0
18,1,15,0.0,0.0,0.0
18,1,16,0.0,0.0,0.0
18,1,17,0.0,0.0,0.0
18,1,18,0.0,0.0,0.0
18,1,19,0.0,0.0,0.0
18,1,20,0.0,0.0,0.0
19,0,0,0.6045019626617432,0.4587140083312988,-2.9582056981780624e-07
19,0,1,0.6115673184394836,0.4193063676357269,-0.0050714295357465
19,0,2,0.5935808420181274,0.3962481915950775,-0.0101046236231923
19,0,3,0.5689663887023926,0.39667609333992,-0.0145105365663766
19,0,4,0.5490646362304688,0.4102648496627807,-0.0192166157066822
19,0,5,0.5711953639984131,0.3753290772438049,-0.0124892964959144
19,0,6,0.5574086308479309,0.3884523212909698,-0.0239415299147367
19,0,7,0.5681398510932922,0.4067165851593017,-0.0329903028905391
19,0,8,0.5828020572662354,0.4138908386230469,-0.0388846807181835
19,0,9,0.5494341850280762,0.3881351947784424,-0.0146686509251594
19,0,10,0.5413969159126282,0.4039758741855621,-0.0219975151121616
19,0,11,0.5526180267333984,0.422046810388565,-0.0252290554344654
19,0,12,0.5676294565200806,0.427054613828659,-0.0275252200663089
19,0,13,0.5338354110717773,0.4105552434921264,-0.0168862082064151
19,0,14,0.5257847309112549,0.4283329546451568,-0.024298308417201
19,0,15,0.5422545671463013,0.442731648683548,-0.0234057269990444
19,0,16,0.5588763952255249,0.4430151879787445,-0.0230661258101463
19,0,17,0.5216103792190552,0.4356374442577362,-0.0192904248833656
19,0,18,0.5254786014556885,0.4590778946876526,-0.0272676236927509
19,0,19,0.541864812374115,0.4706708490848541,-0.0256032180041074
19,0,20,0.5555562973022461,0.4703369140625,-0.0227370467036962
19,1,0,0.0,0.0,0.0
19,1,1,0.0,0.0,0.0
19,1,2,0.0,0.0,0.0
19,1,3,0.0,0.0,0.0
19,1,4,0.0,0.0,0.0
19,1,5,0.0,0.0,0.0
19,1,6,0.0,0.0,0.0
19,1,7,0.0,0.0,0.0
19,1,8,0.0,0.0,0.0
19,1,9,0.0,0.0,0.0
19,1,10,0.0,0.0,0.0
19,1,11,0.0,0.0,0.0
19,1,12,0.0,0.0,0.0
19,1,13,0.0,0.0,0.0
19,1,14,0.0,0.0,0.0
19,1,15,0.0,0.0,0.0
19,1,16,0.0,0.0,0.0
19,1,17,0.0,0.0,0.0
19,1,18,0.0,0.0,0.0
19,1,19,0.0,0.0,0.0
19,1,20,0.0,0.0,0.0
22,0,0,0.6115875244140625,0.490646481513977,-2.944804009530344e-07
22,0,1,0.6110264658927917,0.4494438767433166,-0.003411004319787
22,0,2,0.5874505639076233,0.4237609803676605,-0.0067964340560138
22,0,3,0.5601947903633118,0.4229548871517181,-0.0106146838515996
22,0,4,0.541344165802002,0.4388909637928009,-0.0150127122178673
22,0,5,0.5627131462097168,0.4021323323249817,-0.0037050859536975
22,0,6,0.5450901985168457,0.4250416159629822,-0.0166434217244386
22,0,7,0.557138204574585,0.4398579597473144,-0.0286556929349899
22,0,8,0.5739568471908569,0.4457449316978454,-0.0355982631444931
22,0,9,0.5437965989112854,0.4178489148616791,-0.0064364625141024
22,0,10,0.531710147857666,0.4413588941097259,-0.0152015937492251
22,0,11,0.5452727675437927,0.4557522237300873,-0.0210910942405462
22,0,12,0.5623559951782227,0.4589963555335998,-0.024390447884798
22,0,13,0.5306854844093323,0.4416183531284332,-0.0097732665017247
22,0,14,0.5207352042198181,0.4630573689937591,-0.0176382735371589
22,0,15,0.5377944707870483,0.4743283092975616,-0.0174989607185125
22,0,16,0.5547792911529541,0.4736006557941437,-0.016796912997961
22,0,17,0.5212336778640747,0.4670077562332153,-0.0135765764862298
22,0,18,0.5204119086265564,0.4860029220581054,-0.0197059772908687
22,0,19,0.5377787351608276,0.4954296052455902,-0.0169941969215869
22,0,20,0.5520752668380737,0.495017945766449,-0.0131981093436479
22,1,0,0.0,0.0,0.0
22,1,1,0.0,0.0,0.0
22,1,2,0.0,0.0,0.0
22,1,3,0.0,0.0,0.0
22,1,4,0.0,0.0,0.0
22,1,5,0.0,0.0,0.0
22,1,6,0.0,0.0,0.0
22,1,7,0.0,0.0,0.0
22,1,8,0.0,0.0,0.0
22,1,9,0.0,0.0,0.0
22,1,10,0.0,0.0,0.0
22,1,11,0.0,0.0,0.0
22,1,12,0.0,0.0,0.0
22,1,13,0.0,0.0,0.0
22,1,14,0.0,0.0,0.0
22,1,15,0.0,0.0,0.0
22,1,16,0.0,0.0,0.0
22,1,17,0.0,0.0,0.0
22,1,18,0.0,0.0,0.0
22,1,19,0.0,0.0,0.0
22,1,20,0.0,0.0,0.0
23,0,0,0.6123509407043457,0.4935700893402099,-3.0897820124664577e-07
23,0,1,0.6106179356575012,0.4523058533668518,-0.0024804982822388
23,0,2,0.5855950713157654,0.4279859960079193,-0.0048213112168014
23,0,3,0.5580994486808777,0.4279407262802124,-0.0077429828234016
23,0,4,0.5396231412887573,0.4423185586929321,-0.0111065860837697
23,0,5,0.5615766644477844,0.4084848761558532,-0.0027965158224105
23,0,6,0.5395592451095581,0.4309026598930359,-0.0148883014917373
23,0,7,0.5526081919670105,0.4472295939922333,-0.0255937464535236
23,0,8,0.5716565251350403,0.4534260630607605,-0.0317254215478897
23,0,9,0.5434189438819885,0.4231344163417816,-0.0058302017860114
23,0,10,0.5299164652824402,0.4479081630706787,-0.0142896128818392
23,0,11,0.5446490049362183,0.4634543061256408,-0.0200808085501194
23,0,12,0.5625808835029602,0.4671711921691894,-0.0233270358294248
23,0,13,0.5311042070388794,0.4461702704429626,-0.0094346432015299
23,0,14,0.5208776593208313,0.4705255031585693,-0.0171953774988651
23,0,15,0.538967490196228,0.4832412302494049,-0.0176776908338069
23,0,16,0.5562025904655457,0.4825927019119262,-0.0175245311111211
23,0,17,0.5224120616912842,0.4713644385337829,-0.0133854625746607
23,0,18,0.521856427192688,0.4944139420986175,-0.0204800888895988
23,0,19,0.5385395288467407,0.5047457814216614,-0.0192016866058111
23,0,20,0.5521044731140137,0.5036720037460327,-0.0163926649838686
23,1,0,0.0,0.0,0.0
23,1,1,0.0,0.0,0.0
23,1,2,0.0,0.0,0.0
23,1,3,0.0,0.0,0.0
23,1,4,0.0,0.0,0.0
23,1,5,0.0,0.0,0.0
23,1,6,0.0,0.0,0.0
23,1,7,0.0,0.0,0.0
23,1,8,0.0,0.0,0.0
23,1,9,0.0,0.0,0.0
23,1,10,0.0,0.0,0.0
23,1,11,0.0,0.0,0.0
23,1,12,0.0,0.0,0.0
23,1,13,0.0,0.0,0.0
23,1,14,0.0,0.0,0.0
23,1,15,0.0,0.0,0.0
23,1,16,0.0,0.0,0.0
23,1,17,0.0,0.0,0.0
23,1,18,0.0,0.0,0.0
23,1,19,0.0,0.0,0.0
23,1,20,0.0,0.0,0.0
27,0,0,0.6149559617042542,0.5013381242752075,-2.7531888235898805e-07
27,0,1,0.6112244129180908,0.4600711762905121,-0.0007029063417576
27,0,2,0.5862497687339783,0.4351244568824768,-0.0028856310527771
27,0,3,0.5609499216079712,0.4377910792827606,-0.005887493956834
27,0,4,0.5438657999038696,0.4537432193756103,-0.0090680886059999
27,0,5,0.5651496648788452,0.4175672531127929,-0.000439815223217
27,0,6,0.5463008284568787,0.4359031319618225,-0.0111026223748922
27,0,7,0.5580883622169495,0.4489888250827789,-0.0213782172650098
27,0,8,0.5741875767707825,0.4535291194915771,-0.0273568853735923
27,0,9,0.5453882217407227,0.433197945356369,-0.0039044914301484
27,0,10,0.5338866710662842,0.4531393945217132,-0.0098418984562158
27,0,11,0.5468159317970276,0.466837078332901,-0.014462623745203
27,0,12,0.563126802444458,0.4700416922569275,-0.0174123011529445
27,0,13,0.5316003561019897,0.4557459652423858,-0.0077673979103565
27,0,14,0.521443784236908,0.4747038185596466,-0.0116755636408925
27,0,15,0.5375515222549438,0.486418068408966,-0.0105523988604545
27,0,16,0.5536117553710938,0.4871474206447601,-0.0102853225544095
27,0,17,0.5215854644775391,0.4796592593193054,-0.0120298657566308
27,0,18,0.5191184282302856,0.4982151687145233,-0.0148127023130655
27,0,19,0.5351208448410034,0.5082719326019287,-0.0113711366429924
27,0,20,0.548751950263977,0.5087484121322632,-0.0077884700149297
27,1,0,0.0,0.0,0.0
27,1,1,0.0,0.0,0.0
27,1,2,0.0,0.0,0.0
27,1,3,0.0,0.0,0.0
27,1,4,0.0,0.0,0.0
27,1,5,0.0,0.0,0.0
27,1,6,0.0,0.0,0.0
27,1,7,0.0,0.0,0.0
27,1,8,0.0,0.0,0.0
27,1,9,0.0,0.0,0.0
27,1,10,0.0,0.0,0.0
27,1,11,0.0,0.0,0.0
27,1,12,0.0,0.0,0.0
27,1,13,0.0,0.0,0.0
27,1,14,0.0,0.0,0.0
27,1,15,0.0,0.0,0.0
27,1,16,0.0,0.0,0.0
27,1,17,0.0,0.0,0.0
27,1,18,0.0,0.0,0.0
27,1,19,0.0,0.0,0.0
27,1,20,0.0,0.0,0.0
28,0,0,0.6124299764633179,0.5037919282913208,-2.7176955086360977e-07
28,0,1,0.6113441586494446,0.462725430727005,-0.0047597233206033
28,0,2,0.5861162543296814,0.4362945854663849,-0.0087694460526108
28,0,3,0.5571900010108948,0.4375551342964172,-0.0123754851520061
28,0,4,0.537042498588562,0.4525140225887298,-0.0160947181284427
28,0,5,0.5664153099060059,0.4160633981227875,-0.0059653059579432
28,0,6,0.5451313853263855,0.4366518557071686,-0.0188322775065898
28,0,7,0.5558218955993652,0.4504638016223907,-0.030390353873372
28,0,8,0.5721785426139832,0.4561500549316406,-0.0366541296243667
28,0,9,0.5465900301933289,0.432839572429657,-0.0073536816053092
28,0,10,0.5329030752182007,0.4542034864425659,-0.0156995896250009
28,0,11,0.5458005666732788,0.4686079323291778,-0.0214336141943931
28,0,12,0.5630030035972595,0.4733982980251312,-0.0245455130934715
28,0,13,0.5323705077171326,0.4564823508262634,-0.0092581128701567
28,0,14,0.5211537480354309,0.4761486053466797,-0.0153793646022677
28,0,15,0.5371737480163574,0.4878866970539093,-0.0144699625670909
28,0,16,0.5537524819374084,0.4901134669780731,-0.0136063182726502
28,0,17,0.5218863487243652,0.4812130928039551,-0.0116759911179542
28,0,18,0.5183355808258057,0.4985608160495758,-0.016129232943058
28,0,19,0.5347822904586792,0.5089747309684753,-0.0125756654888391
28,0,20,0.5490623116493225,0.5111892819404602,-0.0082902424037456
28,1,0,0.0,0.0,0.0
28,1,1,0.0,0.0,0.0
28,1,2,0.0,0.0,0.0
28,1,3,0.0,0.0,0.0
28,1,4,0.0,0.0,0.0
28,1,5,0.0,0.0,0.0
28,1,6,0.0,0.0,0.0
28,1,7,0.0,0.0,0.0
28,1,8,0.0,0.0,0.0
28,1,9,0.0,0.0,0.0
28,1,10,0.0,0.0,0.0
28,1,11,0.0,0.0,0.0
28,1,12,0.0,0.0,0.0
28,1,13,0.0,0.0,0.0
28,1,14,0.0,0.0,0.0
28,1,15,0.0,0.0,0.0
28,1,16,0.0,0.0,0.0
28,1,17,0.0,0.0,0.0
28,1,18,0.0,0.0,0.0
28,1,19,0.0,0.0,0.0
28,1,20,0.0,0.0,0.0
30,0,0,0.6123887896537781,0.5027830004692078,-2.435713497561665e-07
30,0,1,0.6123812198638916,0.4607086777687073,-0.0029372293502092
30,0,2,0.5877307653427124,0.4338685870170593,-0.0057988846674561
30,0,3,0.5612130761146545,0.4359720051288605,-0.0086624389514327
30,0,4,0.5433882474899292,0.4526980817317962,-0.0118839116767048
30,0,5,0.5675563812255859,0.4162655770778656,-0.0046576308086514
30,0,6,0.5499036908149719,0.4340969622135162,-0.0155039858072996
30,0,7,0.5591956973075867,0.4481489062309265,-0.0255630165338516
30,0,8,0.5734585523605347,0.4536914229393005,-0.0316197648644447
30,0,9,0.5470959544181824,0.4323200583457947,-0.0070377923548221
30,0,10,0.5349987149238586,0.4511570632457733,-0.0131971323862671
30,0,11,0.545967161655426,0.4651973247528076,-0.0173396151512861
30,0,12,0.5612890124320984,0.4686812162399292,-0.0201393514871597
30,0,13,0.5317674875259399,0.4563384354114532,-0.0097656166180968
30,0,14,0.5206159353256226,0.4740208983421325,-0.0142890531569719
30,0,15,0.535798192024231,0.4856418371200561,-0.0130967758595943
30,0,16,0.5509362816810608,0.4856614768505096,-0.0128719303756952
30,0,17,0.5201099514961243,0.482279360294342,-0.0129194147884845
30,0,18,0.5178101658821106,0.4991034269332886,-0.0165393017232418
30,0,19,0.5336331725120544,0.5089135766029358,-0.0132262855768203
30,0,20,0.5465742349624634,0.508958637714386,-0.0097962962463498
30,1,0,0.0,0.0,0.0
30,1,1,0.0,0.0,0.0
30,1,2,0.0,0.0,0.0
30,1,3,0.0,0.0,0.0
30,1,4,0.0,0.0,0.0
30,1,5,0.0,0.0,0.0
30,1,6,0.0,0.0,0.0
30,1,7,0.0,0.0,0.0
30,1,8,0.0,0.0,0.0
30,1,9,0.0,0.0,0.0
30,1,10,0.0,0.0,0.0
30,1,11,0.0,0.0,0.0
30,1,12,0.0,0.0,0.0
30,1,13,0.0,0.0,0.0
30,1,14,0.0,0.0,0.0
30,1,15,0.0,0.0,0.0
30,1,16,0.0,0.0,0.0
30,1,17,0.0,0.0,0.0
30,1,18,0.0,0.0,0.0
30,1,19,0.0,0.0,0.0
30,1,20,0.0,0.0,0.0
31,0,0,0.6171826124191284,0.5039374828338623,-2.4847923896231805e-07
31,0,1,0.6151894927024841,0.4620451629161834,0.0003243916726205
31,0,2,0.5899477601051331,0.4357506930828094,-0.0011158300330862
31,0,3,0.5646217465400696,0.4354531764984131,-0.0036266050301492
31,0,4,0.5466413497924805,0.4503916501998901,-0.0066758119501173
31,0,5,0.5655633807182312,0.4161568880081177,0.0006115615251474
31,0,6,0.5485546588897705,0.4329517185688019,-0.0099459933117032
31,0,7,0.5589364171028137,0.4466316998004913,-0.0205788407474756
31,0,8,0.5748418569564819,0.4520196616649627,-0.02694608643651
31,0,9,0.5457229614257812,0.4319579601287842,-0.0035835553426295
31,0,10,0.535434901714325,0.4499347507953644,-0.0091487728059291
31,0,11,0.5468732118606567,0.4633154273033142,-0.0136398924514651
31,0,12,0.5633707046508789,0.4668271541595459,-0.0166777893900871
31,0,13,0.5319375395774841,0.4558969140052795,-0.0081274136900901
31,0,14,0.5232056975364685,0.4729270935058594,-0.0124540627002716
31,0,15,0.5385888814926147,0.4843016564846039,-0.0115851908922195
31,0,16,0.5550209879875183,0.4847528636455536,-0.011502381414175
31,0,17,0.5222525000572205,0.4819245040416717,-0.013007964938879
31,0,18,0.5210139751434326,0.4987466931343078,-0.0168239120393991
31,0,19,0.5374786853790283,0.5078317523002625,-0.013953061774373
31,0,20,0.5512998104095459,0.5074809193611145,-0.0107372188940644
31,1,0,0.0,0.0,0.0
31,1,1,0.0,0.0,0.0
31,1,2,0.0,0.0,0.0
31,1,3,0.0,0.0,0.0
31,1,4,0.0,0.0,0.0
31,1,5,0.0,0.0,0.0
31,1,6,0.0,0.0,0.0
31,1,7,0.0,0.0,0.0
31,1,8,0.0,0.0,0.0
31,1,9,0.0,0.0,0.0
31,1,10,0.0,0.0,0.0
31,1,11,0.0,0.0,0.0
31,1,12,0.0,0.0,0.0
31,1,13,0.0,0.0,0.0
31,1,14,0.0,0.0,0.0
31,1,15,0.0,0.0,0.0
31,1,16,0.0,0.0,0.0
31,1,17,0.0,0.0,0.0
31,1,18,0.0,0.0,0.0
31,1,19,0.0,0.0,0.0
31,1,20,0.0,0.0,0.0
32,0,0,0.6179084777832031,0.5052997469902039,-2.4700764811314e-07
32,0,1,0.6150160431861877,0.4650067687034607,-0.0005706597585231
32,0,2,0.5893789529800415,0.4382639527320862,-0.0025069373659789
32,0,3,0.5638583302497864,0.4376026391983032,-0.0057597812265157
32,0,4,0.5461403131484985,0.4520405530929565,-0.0089167114347219
32,0,5,0.5716211199760437,0.4172746837139129,0.0029482296667993
32,0,6,0.5447584390640259,0.4343385398387909,-0.0090177627280354
32,0,7,0.5557835698127747,0.4478162825107574,-0.0202422030270099
32,0,8,0.5732629299163818,0.4517461955547333,-0.0266690477728843
32,0,9,0.5540810227394104,0.4308457374572754,-0.001434025238268
32,0,10,0.5339097380638123,0.446382075548172,-0.0094232112169265
32,0,11,0.5449182987213135,0.4604531526565552,-0.0149475233629345
32,0,12,0.5617623329162598,0.4643248319625854,-0.0180786252021789
32,0,13,0.5399165749549866,0.4512707591056824,-0.0067792488262057
32,0,14,0.5213041305541992,0.4658920168876648,-0.0129601387307047
32,0,15,0.5353732705116272,0.479825884103775,-0.0122914062812924
32,0,16,0.5515833497047424,0.4807189702987671,-0.0118084009736776
32,0,17,0.5281186103820801,0.4737282395362854,-0.0126585699617862
32,0,18,0.5175856947898865,0.4897071421146393,-0.0173192229121923
32,0,19,0.5323559045791626,0.5017834305763245,-0.014819836243987
32,0,20,0.5463607907295227,0.5021563172340393,-0.0118528697639703
32,1,0,0.0,0.0,0.0
32,1,1,0.0,0.0,0.0
32,1,2,0.0,0.0,0.0
32,1,3,0.0,0.0,0.0
32,1,4,0.0,0.0,0.0
32,1,5,0.0,0.0,0.0
32,1,6,0.0,0.0,0.0
32,1,7,0.0,0.0,0.0
32,1,8,0.0,0.0,0.0
32,1,9,0.0,0.0,0.0
32,1,10,0.0,0.0,0.0
32,1,11,0.0,0.0,0.0
32,1,12,0.0,0.0,0.0
32,1,13,0.0,0.0,0.0
32,1,14,0.0,0.0,0.0
32,1,15,0.0,0.0,0.0
32,1,16,0.0,0.0,0.0
32,1,17,0.0,0.0,0.0
32,1,18,0.0,0.0,0.0
32,1,19,0.0,0.0,0.0
32,1,20,0.0,0.0,0.0
