Frame,Hand,Landmark,X,Y,Z
1,0,0,0.279891699552536,0.6355590224266052,1.65932007689662e-07
1,0,1,0.2923980951309204,0.5915445685386658,-0.0039615458808839
1,0,2,0.3170910477638244,0.5533620119094849,-0.0104888305068016
1,0,3,0.3353272378444671,0.5241952538490295,-0.0174313280731439
1,0,4,0.3416959941387176,0.4992538094520569,-0.0245751719921827
1,0,5,0.3561572134494781,0.5674313306808472,-0.012136829085648
1,0,6,0.4003020226955414,0.5542736649513245,-0.0221848301589489
1,0,7,0.4269055128097534,0.5511173605918884,-0.0293668061494827
1,0,8,0.4474178254604339,0.5495297908782959,-0.0338097810745239
1,0,9,0.364967942237854,0.5906962156295776,-0.0175809189677238
1,0,10,0.4126295745372772,0.5788478851318359,-0.0239266194403171
1,0,11,0.4412910342216491,0.5732323527336121,-0.0285390634089708
1,0,12,0.4633471965789795,0.5689482092857361,-0.0323070511221885
1,0,13,0.3684684336185455,0.6154236793518066,-0.0233438089489936
1,0,14,0.4142710566520691,0.6046267747879028,-0.0283119436353445
1,0,15,0.4417338371276855,0.5976853966712952,-0.0305151529610157
1,0,16,0.4624246060848236,0.5921210646629333,-0.0326571948826313
1,0,17,0.3679369688034057,0.6398075819015503,-0.0294831581413745
1,0,18,0.4032624363899231,0.6335935592651367,-0.0325913727283477
1,0,19,0.4241749048233032,0.6290460824966431,-0.0313457772135734
1,0,20,0.4411512613296509,0.6253031492233276,-0.0303897857666015
1,0,21,0.4985373914241791,0.3761972188949585,-0.8624908328056335
1,0,22,0.5342382192611694,0.3341240882873535,-0.8104695081710815
1,0,23,0.5290383696556091,0.4135315418243408,-0.7000297904014587
1,0,24,0.6698318719863892,0.5286619663238525,-0.1082170605659484
1,0,25,0.8236655592918396,0.8013719320297241,-0.5115546584129333
1,1,0,0.737080454826355,0.6142931580543518,7.111770372603132e-08
1,1,1,0.7232627272605896,0.5713770389556885,-0.0013110224390402
1,1,2,0.6939605474472046,0.5322317481040955,-0.0066483188420534
1,1,3,0.6745427250862122,0.5034245848655701,-0.0122575499117374
1,1,4,0.6710617542266846,0.4770950078964233,-0.0192454829812049
1,1,5,0.6738826036453247,0.5442919731140137,-0.0191884953528642
1,1,6,0.6282343864440918,0.537118673324585,-0.0293817911297082
1,1,7,0.5991390943527222,0.5361924767494202,-0.0353874266147613
1,1,8,0.5770244002342224,0.5371309518814087,-0.0394864305853843
1,1,9,0.6677555441856384,0.568874716758728,-0.0252031069248914
1,1,10,0.6171877384185791,0.5621088147163391,-0.0341047793626785
1,1,11,0.5849916934967041,0.5595323443412781,-0.0393997319042682
1,1,12,0.5603599548339844,0.5579323172569275,-0.0439229793846607
1,1,13,0.6642364263534546,0.5946356058120728,-0.0304044373333454
1,1,14,0.6159744262695312,0.5887012481689453,-0.0369953252375125
1,1,15,0.5859787464141846,0.5852729678153992,-0.0407436154782772
1,1,16,0.5636874437332153,0.5823768377304077,-0.044111181050539
1,1,17,0.6624927520751953,0.6197190284729004,-0.035427089780569
1,1,18,0.6244637966156006,0.6153277158737183,-0.041000448167324
1,1,19,0.6001672744750977,0.6116642951965332,-0.0433035790920257
1,1,20,0.579584538936615,0.6080986857414246,-0.0450343266129493
1,1,21,0.4985373914241791,0.3761972188949585,-0.8624908328056335
1,1,22,0.4624389111995697,0.3401347398757934,-0.8135579824447632
1,1,23,0.4755829870700836,0.4138306975364685,-0.706428587436676
1,1,24,0.3437857031822204,0.5289045572280884,-0.1340662389993667
1,1,25,0.1922841966152191,0.7990180253982544,-0.5860378742218018
2,0,0,0.2829380631446838,0.6367252469062805,1.835002478856041e-07
2,0,1,0.2942364513874054,0.5933037996292114,-0.0046765767037868
2,0,2,0.3176533877849579,0.5548959970474243,-0.011686872690916
2,0,3,0.3348377048969269,0.525600016117096,-0.0188705921173095
2,0,4,0.3416337370872497,0.5006975531578064,-0.0261712037026882
2,0,5,0.3566379845142364,0.567407488822937,-0.0138605125248432
2,0,6,0.4011324644088745,0.5543164014816284,-0.0241843983530998
2,0,7,0.4275844693183899,0.5512738823890686,-0.0312662199139595
2,0,8,0.4480771422386169,0.5495362877845764,-0.0355168059468269
2,0,9,0.365088552236557,0.5910062789916992,-0.0188339315354824
2,0,10,0.4126913547515869,0.5791636109352112,-0.0252543818205595
2,0,11,0.4409288167953491,0.5736979842185974,-0.0294796079397201
2,0,12,0.46267831325531,0.5693953037261963,-0.0328754484653472
2,0,13,0.3681135773658752,0.6159975528717041,-0.0240912493318319
2,0,14,0.4137125015258789,0.6052306294441223,-0.0290668364614248
2,0,15,0.4409897625446319,0.5988050103187561,-0.0306808818131685
2,0,16,0.4616237878799438,0.5935373902320862,-0.0323155857622623
2,0,17,0.3672348260879516,0.6406674981117249,-0.0297392923384904
2,0,18,0.4022492170333862,0.6338112950325012,-0.0328886322677135
2,0,19,0.422849953174591,0.6292604207992554,-0.0312489159405231
2,0,20,0.4397596716880798,0.6254312992095947,-0.0298726297914981
2,0,21,0.4984594881534576,0.377549946308136,-0.9031378626823424
2,0,22,0.5338656902313232,0.3340550065040588,-0.8530008792877197
2,0,23,0.5290694832801819,0.4141377806663513,-0.7387833595275879
2,0,24,0.6685588359832764,0.5235468149185181,-0.1477841138839721
2,0,25,0.8235812187194824,0.7944261431694031,-0.5522104501724243
2,1,0,0.7359036207199097,0.61339271068573,8.30930488859849e-08
2,1,1,0.722697377204895,0.5703719854354858,-0.0017565739108249
2,1,2,0.6939041614532471,0.5320051908493042,-0.0073640802875161
2,1,3,0.6744190454483032,0.5037146806716919,-0.0132493330165743
2,1,4,0.6708748936653137,0.4775694012641907,-0.0205033831298351
2,1,5,0.6737865805625916,0.5438449382781982,-0.0195481851696968
2,1,6,0.6287861466407776,0.5361735820770264,-0.0303231514990329
2,1,7,0.6000533103942871,0.5354782342910767,-0.0367006808519363
2,1,8,0.5785871744155884,0.5366913676261902,-0.0409538447856903
2,1,9,0.6672816276550293,0.5683467388153076,-0.025538433343172
2,1,10,0.6171584725379944,0.5607001185417175,-0.0349463671445846
2,1,11,0.5849769711494446,0.5583078265190125,-0.0405040420591831
2,1,12,0.5602894425392151,0.5569081902503967,-0.0450909920036792
2,1,13,0.6637873649597168,0.5941311120986938,-0.0307850502431392
2,1,14,0.616362452507019,0.5879406332969666,-0.0378104373812675
2,1,15,0.5868271589279175,0.5847177505493164,-0.0416553206741809
2,1,16,0.5647034645080566,0.5819929242134094,-0.0450087338685989
2,1,17,0.6624155044555664,0.6192365884780884,-0.0358818359673023
2,1,18,0.6256027817726135,0.6150071620941162,-0.0416748225688934
2,1,19,0.6017298102378845,0.6118317246437073,-0.0439376719295978
2,1,20,0.5813784599304199,0.6086233854293823,-0.0456110723316669
2,1,21,0.4984594881534576,0.377549946308136,-0.9031378626823424
2,1,22,0.4619455337524414,0.3414233326911926,-0.855048656463623
2,1,23,0.4752223789691925,0.4151665568351745,-0.7440589666366577
2,1,24,0.3429730534553528,0.5300825834274292,-0.1594033241271972
2,1,25,0.1903052330017089,0.8036919832229614,-0.621366024017334
6,0,0,0.2833153009414673,0.6372420191764832,1.941014176054523e-07
6,0,1,0.295266181230545,0.5940061807632446,-0.0043236608617007
6,0,2,0.3178477883338928,0.5551766753196716,-0.0114326812326908
6,0,3,0.3348945379257202,0.5258883237838745,-0.0188518930226564
6,0,4,0.3421076536178589,0.5014710426330566,-0.0265035182237625
6,0,5,0.3552016019821167,0.5672734975814819,-0.0145415822044014
6,0,6,0.4002536833286285,0.5548353791236877,-0.0255072303116321
6,0,7,0.4271039664745331,0.5521419048309326,-0.0328357703983783
6,0,8,0.4478748440742492,0.5508100390434265,-0.0372279807925224
6,0,9,0.3636845052242279,0.590327262878418,-0.0200065206736326
6,0,10,0.4119100272655487,0.5790988206863403,-0.0272164791822433
6,0,11,0.4408716261386871,0.5741918087005615,-0.0317795611917972
6,0,12,0.4631965458393097,0.570831835269928,-0.0354151129722595
6,0,13,0.3673031628131866,0.615381121635437,-0.0257518589496612
6,0,14,0.4132326543331146,0.6049060225486755,-0.0313190147280693
6,0,15,0.4408476650714874,0.5988783836364746,-0.033158641308546
6,0,16,0.4616456925868988,0.5945814251899719,-0.0349161326885223
6,0,17,0.3672923147678375,0.640630304813385,-0.031878687441349
6,0,18,0.4025280773639679,0.6330551505088806,-0.0354282595217227
6,0,19,0.4231886565685272,0.6278177499771118,-0.0340255685150623
6,0,20,0.4401420354843139,0.623897135257721,-0.0328199453651905
6,0,21,0.5016373991966248,0.3802862167358398,-0.9163923263549804
6,0,22,0.5350455641746521,0.3378630876541137,-0.8619122505187988
6,0,23,0.5301637649536133,0.4170145988464355,-0.7512140870094299
6,0,24,0.6690530776977539,0.5255115032196045,-0.1324554830789566
6,0,25,0.8212239146232605,0.8003566265106201,-0.5415602326393127
6,1,0,0.7396240234375,0.6125810742378235,6.872821955994368e-08
6,1,1,0.7254372239112854,0.5700284242630005,-0.0018748642178252
6,1,2,0.6965371370315552,0.531210720539093,-0.0080031650140881
6,1,3,0.6763872504234314,0.5022391676902771,-0.014190805144608
6,1,4,0.671371340751648,0.475394606590271,-0.0217667818069458
6,1,5,0.676580548286438,0.5419591069221497,-0.0211944170296192
6,1,6,0.6299665570259094,0.5335715413093567,-0.03256107121706
6,1,7,0.5999378561973572,0.5324724912643433,-0.0390914119780063
6,1,8,0.5771348476409912,0.5336683392524719,-0.0432875826954841
6,1,9,0.6702256202697754,0.5663602948188782,-0.0269932337105274
6,1,10,0.6176971197128296,0.5595179796218872,-0.0366082862019538
6,1,11,0.5846850872039795,0.5572230219841003,-0.0418485887348651
6,1,12,0.5599864721298218,0.5558135509490967,-0.0462369918823242
6,1,13,0.6663057804107666,0.59220290184021,-0.0319568328559398
6,1,14,0.6162958145141602,0.5869684815406799,-0.0389971919357776
6,1,15,0.5857177972793579,0.584151029586792,-0.042296003550291
6,1,16,0.5635929703712463,0.5816173553466797,-0.0452548302710056
6,1,17,0.6642264127731323,0.6174561977386475,-0.036745510995388
6,1,18,0.6253836154937744,0.6132960319519043,-0.0425446406006813
6,1,19,0.6009569764137268,0.6098372340202332,-0.0445502549409866
6,1,20,0.5806413292884827,0.606215238571167,-0.0459340438246727
6,1,21,0.5016373991966248,0.3802862167358398,-0.9163923263549804
6,1,22,0.4643259942531585,0.3459464311599731,-0.8694803714752197
6,1,23,0.4783137142658233,0.4198482036590576,-0.7628017067909241
6,1,24,0.3489992022514343,0.5331140160560608,-0.2032841593027115
6,1,25,0.19459930062294,0.7977148294448853,-0.6602603793144226
9,0,0,0.2839635014533996,0.6411837935447693,2.1041945785782445e-07
9,0,1,0.298772245645523,0.5973946452140808,-0.0025007596705108
9,0,2,0.3241212964057922,0.5580507516860962,-0.0084706991910934
9,0,3,0.3407234847545624,0.5278430581092834,-0.0146826561540365
9,0,4,0.3457660675048828,0.5023173689842224,-0.0213142484426498
9,0,5,0.3555017709732055,0.5699154734611511,-0.0153356157243251
9,0,6,0.4015908539295196,0.5583733916282654,-0.0260079503059387
9,0,7,0.4291383922100067,0.555459201335907,-0.0325560383498668
9,0,8,0.4506108462810516,0.5544598698616028,-0.0362917706370353
9,0,9,0.36328986287117,0.5946300029754639,-0.0207822099328041
9,0,10,0.4122590720653534,0.5837851762771606,-0.0279468260705471
9,0,11,0.4418728351593017,0.5784555077552795,-0.0317813195288181
9,0,12,0.4651926159858703,0.5750086307525635,-0.0349300354719162
9,0,13,0.3671371936798095,0.6208671927452087,-0.0260722134262323
9,0,14,0.4136509299278259,0.6103666424751282,-0.0317673981189727
9,0,15,0.4411835670471191,0.6043739318847656,-0.0329310446977615
9,0,16,0.4620716273784637,0.5999549627304077,-0.0341349430382251
9,0,17,0.3677093088626861,0.6461988687515259,-0.0314042046666145
9,0,18,0.4033365249633789,0.6383036971092224,-0.0349302850663661
9,0,19,0.4244108498096466,0.634308934211731,-0.0332156904041767
9,0,20,0.4421592056751251,0.6313604712486267,-0.0318077206611633
9,0,21,0.4967982172966003,0.3774955868721008,-0.8470919728279114
9,0,22,0.5345680713653564,0.3365744948387146,-0.792171835899353
9,0,23,0.527367889881134,0.4152197241783142,-0.6800556778907776
9,0,24,0.6716775298118591,0.5346857905387878,-0.0789403468370437
9,0,25,0.8200874328613281,0.8034549951553345,-0.4968303143978119
9,1,0,0.7396408915519714,0.6171832084655762,9.908890774568137e-08
9,1,1,0.7288593649864197,0.574188232421875,-0.0017473227344453
9,1,2,0.6998760104179382,0.5370302200317383,-0.0064081503078341
9,1,3,0.6789517998695374,0.5086080431938171,-0.0113403666764497
9,1,4,0.6744294166564941,0.4825346767902374,-0.0176755208522081
9,1,5,0.6751965880393982,0.5472354292869568,-0.018112938851118
9,1,6,0.6305594444274902,0.5398896336555481,-0.0285854507237672
9,1,7,0.6013973951339722,0.5386289358139038,-0.0349436327815055
9,1,8,0.5784074664115906,0.5400171279907227,-0.0392848923802375
9,1,9,0.668088972568512,0.5714515447616577,-0.0236842706799507
9,1,10,0.619629442691803,0.5645686984062195,-0.0329758003354072
9,1,11,0.5869633555412292,0.5617404580116272,-0.0390630848705768
9,1,12,0.5611927509307861,0.5602136254310608,-0.0440324693918228
9,1,13,0.6640283465385437,0.5971217751502991,-0.0285947937518358
9,1,14,0.6183540225028992,0.5914459228515625,-0.0358352623879909
9,1,15,0.5886380076408386,0.5883579850196838,-0.0405057668685913
9,1,16,0.5657099485397339,0.5855677723884583,-0.0444203615188598
9,1,17,0.6628590226173401,0.6225529909133911,-0.0333441048860549
9,1,18,0.6289948225021362,0.6183714866638184,-0.0397700332105159
9,1,19,0.6064524054527283,0.6153539419174194,-0.0428186915814876
9,1,20,0.5867898464202881,0.6119979023933411,-0.0449163541197776
9,1,21,0.4967982172966003,0.3774955868721008,-0.8470919728279114
9,1,22,0.4611748456954956,0.3412405252456665,-0.7941984534263611
9,1,23,0.4712110757827759,0.4136755466461181,-0.6857105493545532
9,1,24,0.343396931886673,0.5335392951965332,-0.0967015177011489
9,1,25,0.1910615563392639,0.7931151986122131,-0.5600475072860718
11,0,0,0.7472617030143738,0.6389979720115662,9.733736305861385e-08
11,0,1,0.7325565218925476,0.5953312516212463,-0.0029911929741501
11,0,2,0.7037322521209717,0.5544620156288147,-0.0087284091860055
11,0,3,0.6841345429420471,0.5230852365493774,-0.0147034358233213
11,0,4,0.6809900403022766,0.4959295094013214,-0.021656597033143
11,0,5,0.6738582253456116,0.5665332078933716,-0.0149231562390923
11,0,6,0.6276383399963379,0.5565802454948425,-0.0245376080274581
11,0,7,0.5993896126747131,0.5549963712692261,-0.0312677361071109
11,0,8,0.57876056432724,0.5553934574127197,-0.0355693437159061
11,0,9,0.6659766435623169,0.591740071773529,-0.0194114223122596
11,0,10,0.6163514256477356,0.5819219946861267,-0.0265305321663618
11,0,11,0.5866360664367676,0.5780026912689209,-0.0315096043050289
11,0,12,0.5647052526473999,0.5752729177474976,-0.0355929397046566
11,0,13,0.6614487767219543,0.6174304485321045,-0.0235348008573055
11,0,14,0.6149417161941528,0.6086075305938721,-0.0278920177370309
11,0,15,0.5881386995315552,0.603369951248169,-0.0296581760048866
11,0,16,0.5687748193740845,0.5984387993812561,-0.0317541249096393
11,0,17,0.6603323221206665,0.642248809337616,-0.0279764626175165
11,0,18,0.6243246793746948,0.6345356702804565,-0.0305616203695535
11,0,19,0.6036580801010132,0.6298092603683472,-0.029830252751708
11,0,20,0.5873339176177979,0.6247483491897583,-0.0293735954910516
11,0,21,0.5013722777366638,0.3831432461738586,-0.8768816590309143
11,0,22,0.5353094935417175,0.3387158513069153,-0.8231817483901978
11,0,23,0.5306052565574646,0.4163971543312073,-0.7008253931999207
11,0,24,0.6785858869552612,0.5344938635826111,-0.037275455892086
11,0,25,0.8310270309448242,0.7925843000411987,-0.4513314366340637
11,1,0,0.2820484638214111,0.6627246141433716,1.2467891963297006e-07
11,1,1,0.2999100983142853,0.6226785778999329,-0.0021815309301018
11,1,2,0.3264891505241394,0.5832756161689758,-0.008277709595859
11,1,3,0.3434645533561706,0.5530361533164978,-0.0149319935590028
11,1,4,0.3509680032730102,0.5290048718452454,-0.0216091163456439
11,1,5,0.3611720502376556,0.5978813767433167,-0.0128467893227934
11,1,6,0.4101566672325134,0.5898045301437378,-0.0226802770048379
11,1,7,0.4376323223114013,0.587719202041626,-0.0289884470403194
11,1,8,0.4557178616523742,0.5865045785903931,-0.032176312059164
11,1,9,0.3674933910369873,0.6209654808044434,-0.0171904619783163
11,1,10,0.4182974696159363,0.6124674677848816,-0.0224926024675369
11,1,11,0.4436313509941101,0.6090027093887329,-0.0243161786347627
11,1,12,0.4582124054431915,0.607071042060852,-0.0259874183684587
11,1,13,0.3702232539653778,0.6444295644760132,-0.0214337240904569
11,1,14,0.4182242155075073,0.6363826394081116,-0.0240928288549184
11,1,15,0.4409727156162262,0.6309701800346375,-0.0219383537769317
11,1,16,0.4522325098514557,0.6273779273033142,-0.0207947175949811
11,1,17,0.3704231977462768,0.6673179864883423,-0.0260042492300272
11,1,18,0.4088054299354553,0.6591135859489441,-0.0262181144207716
11,1,19,0.4271027147769928,0.6539598703384399,-0.0217435229569673
11,1,20,0.4373944997787475,0.6493756771087646,-0.0181529279798269
11,1,21,0.5013722777366638,0.3831432461738586,-0.8768816590309143
11,1,22,0.4653395712375641,0.3470948934555053,-0.8337900638580322
11,1,23,0.4789445400238037,0.4189869165420532,-0.7161440849304199
11,1,24,0.3479841351509094,0.5377998352050781,-0.1673333197832107
11,1,25,0.1926392316818237,0.7871382832527161,-0.6498080492019653
12,0,0,0.2917492687702179,0.6769238114356995,9.759247632246117e-08
12,0,1,0.3071352839469909,0.6405432820320129,-0.0069311689585447
12,0,2,0.3312374651432037,0.6042919754981995,-0.0123613337054848
12,0,3,0.3466114997863769,0.5761363506317139,-0.0183849520981311
12,0,4,0.3544969856739044,0.5528920292854309,-0.0240679383277893
12,0,5,0.3809307813644409,0.6221635937690735,-0.0004252318467479
12,0,6,0.4169673323631286,0.6155030131340027,-0.0081339227035641
12,0,7,0.4363798499107361,0.6149804592132568,-0.0165117196738719
12,0,8,0.4513761103153229,0.6149786114692688,-0.022405682131648
12,0,9,0.3855117559432983,0.641608476638794,-0.0037248670123517
12,0,10,0.422857791185379,0.6372595429420471,-0.0078980522230267
12,0,11,0.4435242712497711,0.636376678943634,-0.0129154501482844
12,0,12,0.4599303007125854,0.6364978551864624,-0.0171445682644844
12,0,13,0.3837423026561737,0.6616085767745972,-0.0089300759136676
12,0,14,0.4203190207481384,0.6585093140602112,-0.0124872773885726
12,0,15,0.4402312040328979,0.6568344235420227,-0.0136054148897528
12,0,16,0.455265462398529,0.6555671691894531,-0.0148941837251186
12,0,17,0.3766289055347442,0.6818727850914001,-0.0153645910322666
12,0,18,0.4053539037704468,0.6810726523399353,-0.0171909108757972
12,0,19,0.4222859442234039,0.6792937517166138,-0.0151757877320051
12,0,20,0.4362066984176636,0.6772972941398621,-0.0137658715248107
12,0,21,0.5016102194786072,0.3760117292404175,-0.9134659171104432
12,0,22,0.5354053378105164,0.3365144729614258,-0.8625537157058716
12,0,23,0.5276305079460144,0.4136194586753845,-0.7590380311012268
12,0,24,0.6764283180236816,0.5290297865867615,-0.1822724342346191
12,0,25,0.8372288942337036,0.7816345691680908,-0.6124526262283325
12,1,0,0.7479483485221863,0.6621842980384827,8.46491445827269e-08
12,1,1,0.7350276112556458,0.621550440788269,-0.0038131594192236
12,1,2,0.7089746594429016,0.5827590823173523,-0.0081116575747728
12,1,3,0.6925910115242004,0.5520152449607849,-0.0127677777782082
12,1,4,0.6871896386146545,0.528488278388977,-0.0174602102488279
12,1,5,0.66811603307724,0.5935206413269043,-0.0071204002015292
12,1,6,0.6249945163726807,0.5831827521324158,-0.0145311066880822
12,1,7,0.6014909744262695,0.5797452330589294,-0.020900098606944
12,1,8,0.5870596170425415,0.5785438418388367,-0.0248567629605531
12,1,9,0.6601428985595703,0.6152980327606201,-0.0095064714550971
12,1,10,0.6159070134162903,0.6048227548599243,-0.0151546224951744
12,1,11,0.5958537459373474,0.6001065969467163,-0.0197795797139406
12,1,12,0.5854970216751099,0.5979437828063965,-0.022850465029478
12,1,13,0.6557329893112183,0.6370375156402588,-0.012100382708013
12,1,14,0.6153402328491211,0.6265604496002197,-0.0148512506857514
12,1,15,0.5978195667266846,0.6208857893943787,-0.0144697725772857
12,1,16,0.5889261960983276,0.6170458197593689,-0.0143553242087364
12,1,17,0.6558064818382263,0.6578838229179382,-0.0153245842084288
12,1,18,0.6232772469520569,0.6494075059890747,-0.0154592487961053
12,1,19,0.6084594130516052,0.644722580909729,-0.0120934061706066
12,1,20,0.5997849106788635,0.6413456797599792,-0.0093078799545764
12,1,21,0.5016102194786072,0.3760117292404175,-0.9134659171104432
12,1,22,0.4665614068508148,0.3398891687393188,-0.8618771433830261
12,1,23,0.4770860970020294,0.4180692434310913,-0.7587074041366577
12,1,24,0.3522766232490539,0.5392528176307678,-0.1778082698583603
12,1,25,0.2017560005187988,0.7806719541549683,-0.6200976967811584
13,0,0,0.7474805116653442,0.684157133102417,3.821759619881959e-08
13,0,1,0.7323535084724426,0.6434010863304138,-0.0052872896194458
13,0,2,0.7055439949035645,0.6064227819442749,-0.0109506528824567
13,0,3,0.6897329092025757,0.5738363265991211,-0.0170505382120609
13,0,4,0.6842919588088989,0.546850860118866,-0.0236262939870357
13,0,5,0.6663618683815002,0.6223516464233398,-0.0073737669736146
13,0,6,0.6252740621566772,0.6169633865356445,-0.0161779895424842
13,0,7,0.6032164096832275,0.6193557381629944,-0.0241149291396141
13,0,8,0.5879237651824951,0.6226592063903809,-0.0294858962297439
13,0,9,0.6608187556266785,0.646269679069519,-0.0102982716634869
13,0,10,0.620272159576416,0.6408032178878784,-0.0167799890041351
13,0,11,0.5986068844795227,0.640389084815979,-0.0229161158204078
13,0,12,0.5839709639549255,0.6409473419189453,-0.0277029499411582
13,0,13,0.6598640084266663,0.669730544090271,-0.0139268739148974
13,0,14,0.6223954558372498,0.6646274924278259,-0.0185519475489854
13,0,15,0.601936399936676,0.6626612544059753,-0.020389312878251
13,0,16,0.5878471732139587,0.6612446904182434,-0.021950826048851
13,0,17,0.6626465320587158,0.691204845905304,-0.0182871278375387
13,0,18,0.6307814121246338,0.6854839324951172,-0.0211275853216648
13,0,19,0.6127047538757324,0.6827982068061829,-0.0201385095715522
13,0,20,0.5987243056297302,0.6797863841056824,-0.0191633068025112
13,0,21,0.50125652551651,0.3782114386558532,-0.9768028259277344
13,0,22,0.5332500338554382,0.3367455601692199,-0.9289479851722716
13,0,23,0.5295764803886414,0.416390061378479,-0.8170274496078491
13,0,24,0.6812583208084106,0.5370683073997498,-0.2173600792884826
13,0,25,0.8342100977897644,0.7906097173690796,-0.6550977826118469
13,1,0,0.3029660582542419,0.7074247002601624,2.104870873154141e-07
13,1,1,0.3154834806919098,0.6768632531166077,-0.0122651364654302
13,1,2,0.3352043628692627,0.6450685262680054,-0.020546369254589
13,1,3,0.344897985458374,0.616588294506073,-0.0282598845660686
13,1,4,0.3499060869216919,0.5933544635772705,-0.0358929075300693
13,1,5,0.3816723525524139,0.6624272465705872,-0.0078558279201388
13,1,6,0.4144285917282104,0.6579887270927429,-0.0179733745753765
13,1,7,0.4361605942249298,0.6583698391914368,-0.0280170682817697
13,1,8,0.453809380531311,0.660643994808197,-0.0349274314939975
13,1,9,0.3870511651039123,0.6819075345993042,-0.0083603989332914
13,1,10,0.4203768372535705,0.6785280704498291,-0.0141988471150398
13,1,11,0.4413546323776245,0.6791740655899048,-0.0203474648296833
13,1,12,0.4597010016441345,0.6812712550163269,-0.0252659954130649
13,1,13,0.3859357237815857,0.7011508345603943,-0.0108913490548729
13,1,14,0.4169798195362091,0.6987434029579163,-0.0157824028283357
13,1,15,0.435987651348114,0.6992156505584717,-0.0173867587000131
13,1,16,0.4515538215637207,0.7000874280929565,-0.0189253464341163
13,1,17,0.3789874613285064,0.7196318507194519,-0.0149631295353174
13,1,18,0.4022837877273559,0.7191213369369507,-0.0180121287703514
13,1,19,0.4167955219745636,0.719548761844635,-0.0163454934954643
13,1,20,0.4288142919540405,0.719493567943573,-0.0150558771565556
13,1,21,0.50125652551651,0.3782114386558532,-0.9768028259277344
13,1,22,0.4636225998401642,0.3437980413436889,-0.9280600547790528
13,1,23,0.477407693862915,0.4236086010932922,-0.8157023191452026
13,1,24,0.3512144386768341,0.5445979237556458,-0.2458761930465698
13,1,25,0.2100668549537658,0.790175199508667,-0.7248363494873047
17,0,0,0.2914886176586151,0.9185336232185364,1.6737202201966286e-07
17,0,1,0.3189095854759216,0.8911762237548828,-0.0189649164676666
17,0,2,0.3507665395736694,0.8791688680648804,-0.0303507521748542
17,0,3,0.3736730813980102,0.8712998032569885,-0.0388545244932174
17,0,4,0.392512559890747,0.8679320812225342,-0.0470314510166645
17,0,5,0.3765229284763336,0.9353723526000975,-0.024565415456891
17,0,6,0.4128538370132446,0.9512200355529784,-0.0351100042462348
17,0,7,0.4369148910045624,0.9627062082290648,-0.0438376329839229
17,0,8,0.4548399150371551,0.972348690032959,-0.0492254681885242
17,0,9,0.3681086003780365,0.9557921290397644,-0.01956950686872
17,0,10,0.4055918455123901,0.9680042862892152,-0.0266770254820585
17,0,11,0.4301761984825134,0.9756890535354614,-0.0319813005626201
17,0,12,0.4499667286872864,0.9835638999938964,-0.0355692096054554
17,0,13,0.3570509552955627,0.9723349809646606,-0.0156403500586748
17,0,14,0.3922690749168396,0.9829261898994446,-0.0205502565950155
17,0,15,0.4168912768363952,0.9873141646385192,-0.0213657356798648
17,0,16,0.4369820058345794,0.9926209449768066,-0.0214159619063138
17,0,17,0.3448194563388824,0.984744906425476,-0.013513377867639
17,0,18,0.3733646273612976,0.9969331622123718,-0.0174993313848972
17,0,19,0.3932574987411499,1.0010794401168823,-0.0161364171653985
17,0,20,0.4100783765316009,1.0042762756347656,-0.0136923212558031
17,0,21,0.4970298707485199,0.3704155087471008,-0.8476417064666748
17,0,22,0.5296000242233276,0.3309922814369201,-0.7913564443588257
17,0,23,0.5278288722038269,0.4080507159233093,-0.6952740550041199
17,0,24,0.6915549039840698,0.5645575523376465,-0.1053118556737899
17,0,25,0.8313031196594238,0.8130011558532715,-0.167955070734024
17,1,0,0.0,0.0,0.0
17,1,1,0.0,0.0,0.0
17,1,2,0.0,0.0,0.0
17,1,3,0.0,0.0,0.0
17,1,4,0.0,0.0,0.0
17,1,5,0.0,0.0,0.0
17,1,6,0.0,0.0,0.0
17,1,7,0.0,0.0,0.0
17,1,8,0.0,0.0,0.0
17,1,9,0.0,0.0,0.0
17,1,10,0.0,0.0,0.0
17,1,11,0.0,0.0,0.0
17,1,12,0.0,0.0,0.0
17,1,13,0.0,0.0,0.0
17,1,14,0.0,0.0,0.0
17,1,15,0.0,0.0,0.0
17,1,16,0.0,0.0,0.0
17,1,17,0.0,0.0,0.0
17,1,18,0.0,0.0,0.0
17,1,19,0.0,0.0,0.0
17,1,20,0.0,0.0,0.0
17,1,21,0.4970298707485199,0.3704155087471008,-0.8476417064666748
17,1,22,0.4579496681690216,0.3363926410675049,-0.803722620010376
17,1,23,0.4741433560848236,0.4160097241401672,-0.7113486528396606
17,1,24,0.3352095186710357,0.578548789024353,-0.2197836339473724
17,1,25,0.2177367508411407,0.8295964002609253,-0.3045715987682342
18,0,0,0.2856994867324829,0.9296444654464722,7.132592827474582e-08
18,0,1,0.3175219893455505,0.9145848751068116,-0.0061468840576708
18,0,2,0.3536534309387207,0.9084441661834716,-0.0123881679028272
18,0,3,0.3769114315509796,0.904585599899292,-0.018808826804161
18,0,4,0.3935546576976776,0.8996170163154602,-0.0247431714087724
18,0,5,0.3718980848789215,0.9603227376937866,-0.0062955832108855
18,0,6,0.3971378207206726,0.9808692932128906,-0.0120342345908284
18,0,7,0.4135327935218811,0.9929633736610411,-0.0183941386640071
18,0,8,0.4245949387550354,0.9992824792861938,-0.0231519248336553
18,0,9,0.3587214052677154,0.9759085178375244,-0.0088663501664996
18,0,10,0.3786728382110595,0.995581328868866,-0.0106777856126427
18,0,11,0.3879462480545044,1.0010310411453247,-0.01358681358397
18,0,12,0.3927774727344513,1.003942370414734,-0.0168092586100101
18,0,13,0.3414847552776336,0.9873788952827454,-0.0122501635923981
18,0,14,0.3574214875698089,1.0054548978805542,-0.0118667762726545
18,0,15,0.3643146753311157,1.0095155239105225,-0.0095735965296626
18,0,16,0.3676864206790924,1.0108317136764526,-0.0094440272077918
18,0,17,0.3222206830978393,0.9950194954872132,-0.0168600603938102
18,0,18,0.3328641057014465,1.0108528137207031,-0.0158609803766012
18,0,19,0.336498886346817,1.013898491859436,-0.0115054193884134
18,0,20,0.3371108770370483,1.0133739709854126,-0.0083785913884639
18,0,21,0.4987455606460571,0.374309241771698,-1.0089077949523926
18,0,22,0.5305502414703369,0.3344295620918274,-0.9490945935249328
18,0,23,0.5287778377532959,0.4132395386695862,-0.8473516702651978
18,0,24,0.6961647272109985,0.5743905901908875,-0.2134398072957992
18,0,25,0.8380329608917236,0.8307697772979736,-0.2886403501033783
18,1,0,0.0,0.0,0.0
18,1,1,0.0,0.0,0.0
18,1,2,0.0,0.0,0.0
18,1,3,0.0,0.0,0.0
18,1,4,0.0,0.0,0.0
18,1,5,0.0,0.0,0.0
18,1,6,0.0,0.0,0.0
18,1,7,0.0,0.0,0.0
18,1,8,0.0,0.0,0.0
18,1,9,0.0,0.0,0.0
18,1,10,0.0,0.0,0.0
18,1,11,0.0,0.0,0.0
18,1,12,0.0,0.0,0.0
18,1,13,0.0,0.0,0.0
18,1,14,0.0,0.0,0.0
18,1,15,0.0,0.0,0.0
18,1,16,0.0,0.0,0.0
18,1,17,0.0,0.0,0.0
18,1,18,0.0,0.0,0.0
18,1,19,0.0,0.0,0.0
18,1,20,0.0,0.0,0.0
18,1,21,0.4987455606460571,0.374309241771698,-1.0089077949523926
18,1,22,0.4594888687133789,0.3392245173454284,-0.9599496126174928
18,1,23,0.4747799038887024,0.4199396967887878,-0.8601492643356323
18,1,24,0.3348103165626526,0.5864361524581909,-0.2835927307605743
18,1,25,0.2242080867290496,0.8420432209968567,-0.3078384697437286
20,0,0,0.2797795832157135,0.9506645798683168,7.389965617221605e-08
20,0,1,0.3135775923728943,0.9420719146728516,-0.005652961321175
20,0,2,0.3492935597896576,0.9442956447601318,-0.0096382116898894
20,0,3,0.3761991858482361,0.9485854506492616,-0.0142333926633
20,0,4,0.3982162177562713,0.9494832158088684,-0.0183390043675899
20,0,5,0.3615701496601105,0.981145977973938,0.0021005545277148
20,0,6,0.3843637704849243,0.999726176261902,-0.0065190391615033
20,0,7,0.4007473587989807,1.0076950788497925,-0.0158604700118303
20,0,8,0.4145435094833374,1.0112303495407104,-0.021999966353178
20,0,9,0.3509233593940735,0.9950352311134338,-0.0005742991925217
20,0,10,0.375417411327362,1.015194058418274,-0.0052856323309242
20,0,11,0.3915911316871643,1.0240638256072998,-0.0104634035378694
20,0,12,0.4044027626514435,1.030888557434082,-0.0144133903086185
20,0,13,0.3368678092956543,1.006229043006897,-0.0050211525522172
20,0,14,0.3590523302555084,1.0273334980010986,-0.0089741125702857
20,0,15,0.3738035559654236,1.0369771718978882,-0.0080159595236182
20,0,16,0.3852485120296478,1.0454572439193726,-0.0072259483858942
20,0,17,0.3202582895755768,1.0146335363388062,-0.010671216994524
20,0,18,0.3365006446838379,1.0352927446365356,-0.0126381618902087
20,0,19,0.3475000560283661,1.045698165893555,-0.0093786986544728
20,0,20,0.3567198812961578,1.0545018911361694,-0.0064512556418776
20,0,21,0.4953063726425171,0.3675350546836853,-0.9086847305297852
20,0,22,0.5282190442085266,0.3277439475059509,-0.8496832847595215
20,0,23,0.5268799662590027,0.4064661860466003,-0.7530990839004517
20,0,24,0.699111819267273,0.5791541934013367,-0.112450435757637
20,0,25,0.8211100697517395,0.8234653472900391,-0.1635093539953231
20,1,0,0.7936365008354187,0.950592041015625,1.874171289273363e-07
20,1,1,0.7591304183006287,0.9386909008026124,-0.0145696029067039
20,1,2,0.7211955189704895,0.940151572227478,-0.021816523745656
20,1,3,0.6905306577682495,0.9419280886650084,-0.0268058087676763
20,1,4,0.668569803237915,0.938248574733734,-0.0311551820486783
20,1,5,0.7213107943534851,0.9856758713722228,-0.0097124725580215
20,1,6,0.6999810934066772,1.0078718662261963,-0.0158888902515172
20,1,7,0.6861995458602905,1.0233105421066284,-0.0226071663200855
20,1,8,0.6759054660797119,1.0348773002624512,-0.0274582561105489
20,1,9,0.7372580766677856,1.0015645027160645,-0.0052109295502305
20,1,10,0.7173361778259277,1.0238316059112549,-0.0093434117734432
20,1,11,0.7027312517166138,1.0392191410064695,-0.0144559871405363
20,1,12,0.6901319026947021,1.0523147583007812,-0.0184220429509878
20,1,13,0.7521387934684753,1.0116921663284302,-0.0017443605465814
20,1,14,0.7341786026954651,1.0336298942565918,-0.004723981488496
20,1,15,0.7215795516967773,1.0468273162841797,-0.0042421068064868
20,1,16,0.7102529406547546,1.0576850175857544,-0.0038001267239451
20,1,17,0.7656832337379456,1.0169544219970703,0.0001225432642968
20,1,18,0.7515313625335693,1.0369261503219604,-0.0015779918758198
20,1,19,0.7417310476303101,1.0495142936706543,0.0011331057175993
20,1,20,0.7331029176712036,1.0591036081314087,0.0037215168122202
20,1,21,0.4953063726425171,0.3675350546836853,-0.9086847305297852
20,1,22,0.4553898274898529,0.3357009291648865,-0.8644738793373108
20,1,23,0.4718014001846313,0.4138914346694946,-0.7705419659614563
20,1,24,0.3348982334136963,0.5831954479217529,-0.2642048001289367
20,1,25,0.2252231240272522,0.8407689929008484,-0.3005269765853882
25,0,0,0.2783169150352478,0.9511384963989258,7.793355649710065e-08
25,0,1,0.3086511790752411,0.938798189163208,-0.0091216722503304
25,0,2,0.3463931381702423,0.9385370016098022,-0.0150206182152032
25,0,3,0.374590128660202,0.9413892030715942,-0.0205235574394464
25,0,4,0.3975704312324524,0.9408504962921144,-0.0253233779221773
25,0,5,0.3583327829837799,0.9821198582649232,-0.0036962905433028
25,0,6,0.3828395009040832,0.999632716178894,-0.0114192152395844
25,0,7,0.3968969285488128,1.0098381042480469,-0.0194503236562013
25,0,8,0.4074327349662781,1.0162642002105713,-0.0248305890709161
25,0,9,0.3453788161277771,0.9979761838912964,-0.0046172798611223
25,0,10,0.3692704439163208,1.0167222023010254,-0.0083444733172655
25,0,11,0.382847249507904,1.0262551307678225,-0.0127490125596523
25,0,12,0.3929730355739593,1.0342259407043457,-0.016334006562829
25,0,13,0.3291230797767639,1.0099862813949585,-0.0071873585693538
25,0,14,0.350396454334259,1.0297672748565674,-0.0104128625243902
25,0,15,0.362548679113388,1.0391957759857178,-0.0088931722566485
25,0,16,0.3713398873806,1.0475146770477295,-0.0078390669077634
25,0,17,0.3110584020614624,1.018311858177185,-0.0111091239377856
25,0,18,0.3281652927398681,1.0376603603363037,-0.0128745744004845
25,0,19,0.337907612323761,1.0475950241088867,-0.0093687325716018
25,0,20,0.3449040353298187,1.0558453798294067,-0.0062557402998209
25,0,21,0.503812849521637,0.3745759725570678,-0.9770538806915284
25,0,22,0.5343209505081177,0.3365104794502258,-0.92071133852005
25,0,23,0.5330834984779358,0.4133371114730835,-0.8229758143424988
25,0,24,0.6981799602508545,0.5793744325637817,-0.2056091129779815
25,0,25,0.8109463453292847,0.8229728937149048,-0.2212107926607132
25,1,0,0.7911854386329651,0.9459704160690308,1.4397842562630108e-07
25,1,1,0.7589648365974426,0.9375694394111632,-0.0156011078506708
25,1,2,0.724640429019928,0.9393566250801086,-0.0259419456124305
25,1,3,0.6972562074661255,0.9400647878646852,-0.0344991348683834
25,1,4,0.6773508787155151,0.9340163469314576,-0.0428051277995109
25,1,5,0.7271774411201477,0.985153079032898,-0.0152149153873324
25,1,6,0.7121341228485107,1.008758544921875,-0.0249814614653587
25,1,7,0.7038461565971375,1.024789571762085,-0.0333865322172641
25,1,8,0.6974431276321411,1.036063313484192,-0.0391998477280139
25,1,9,0.7445409893989563,0.9979186058044434,-0.012306697666645
25,1,10,0.7307752966880798,1.0230158567428589,-0.0198942404240369
25,1,11,0.722585916519165,1.0397517681121826,-0.0258821826428174
25,1,12,0.7156626582145691,1.053402543067932,-0.0303429812192916
25,1,13,0.7614352703094482,1.0051852464675903,-0.0106415804475545
25,1,14,0.7499459981918335,1.030406832695007,-0.0172411650419235
25,1,15,0.7439586520195007,1.0457077026367188,-0.018607597798109
25,1,16,0.7378658652305603,1.0580568313598633,-0.0191811639815568
25,1,17,0.7774499654769897,1.0081720352172852,-0.0104799354448914
25,1,18,0.7695026397705078,1.0295270681381226,-0.0148508297279477
25,1,19,0.7644025683403015,1.0433483123779297,-0.0140993362292647
25,1,20,0.7594525218009949,1.054749846458435,-0.0130043271929025
25,1,21,0.503812849521637,0.3745759725570678,-0.9770538806915284
25,1,22,0.4613921642303467,0.3428143858909607,-0.9354140162467957
25,1,23,0.4788086414337158,0.4216026067733764,-0.8406602144241333
25,1,24,0.3326523900032043,0.5890451073646545,-0.317552775144577
25,1,25,0.2324272394180297,0.8521237373352051,-0.3345576226711273
27,0,0,0.2819103002548218,0.9542264342308044,1.2017495976124337e-07
27,0,1,0.3087505102157593,0.9424038529396056,-0.0126268463209271
27,0,2,0.3425934314727783,0.9421502947807312,-0.0210292786359787
27,0,3,0.3686832189559936,0.9448000192642212,-0.0280399788171052
27,0,4,0.391957014799118,0.9448186159133912,-0.0343096926808357
27,0,5,0.3548072874546051,0.9865593314170836,-0.0105098681524395
27,0,6,0.3766619265079498,1.003801941871643,-0.0197698194533586
27,0,7,0.3911495804786682,1.0150939226150513,-0.0288432817906141
27,0,8,0.4025000929832458,1.0235316753387451,-0.0350263118743896
27,0,9,0.3409566581249237,1.000775933265686,-0.0099000241607427
27,0,10,0.362373024225235,1.0198590755462646,-0.0153144877403974
27,0,11,0.3763358294963836,1.0304350852966309,-0.0201701112091541
27,0,12,0.3873234093189239,1.03931725025177,-0.024144098162651
27,0,13,0.3251732885837555,1.0111969709396362,-0.010973596945405
27,0,14,0.3430376648902893,1.0315264463424685,-0.0156407337635755
27,0,15,0.3554588258266449,1.042218804359436,-0.0144630363211035
27,0,16,0.3654618561267853,1.051457166671753,-0.0135850952938199
27,0,17,0.3086922764778137,1.0182890892028809,-0.0135798435658216
27,0,18,0.3232657313346863,1.0380346775054932,-0.0169377010315656
27,0,19,0.3326909840106964,1.048987627029419,-0.0143591295927762
27,0,20,0.3403871953487396,1.057702898979187,-0.0118824280798435
27,0,21,0.4981363117694855,0.3706280589103699,-0.9898338317871094
27,0,22,0.531251847743988,0.3325962424278259,-0.9311283826828004
27,0,23,0.5292483568191528,0.4091617465019226,-0.8327914476394653
27,0,24,0.6992760300636292,0.5803319215774536,-0.195061445236206
27,0,25,0.8159211277961731,0.8227920532226562,-0.2407040894031524
27,1,0,0.0,0.0,0.0
27,1,1,0.0,0.0,0.0
27,1,2,0.0,0.0,0.0
27,1,3,0.0,0.0,0.0
27,1,4,0.0,0.0,0.0
27,1,5,0.0,0.0,0.0
27,1,6,0.0,0.0,0.0
27,1,7,0.0,0.0,0.0
27,1,8,0.0,0.0,0.0
27,1,9,0.0,0.0,0.0
27,1,10,0.0,0.0,0.0
27,1,11,0.0,0.0,0.0
27,1,12,0.0,0.0,0.0
27,1,13,0.0,0.0,0.0
27,1,14,0.0,0.0,0.0
27,1,15,0.0,0.0,0.0
27,1,16,0.0,0.0,0.0
27,1,17,0.0,0.0,0.0
27,1,18,0.0,0.0,0.0
27,1,19,0.0,0.0,0.0
27,1,20,0.0,0.0,0.0
27,1,21,0.4981363117694855,0.3706280589103699,-0.9898338317871094
27,1,22,0.460288941860199,0.3388490080833435,-0.9438331127166748
27,1,23,0.4749677181243896,0.4151886701583862,-0.8473077416419983
27,1,24,0.336040198802948,0.5837092995643616,-0.2916910350322723
27,1,25,0.2313009202480316,0.8360252380371094,-0.2860076427459717
28,0,0,0.2835447490215301,0.9491915702819824,1.210103874882407e-07
28,0,1,0.3106623291969299,0.941232204437256,-0.0082912798970937
28,0,2,0.342721164226532,0.9415738582611084,-0.0127100655809044
28,0,3,0.366970807313919,0.946269392967224,-0.016638258472085
28,0,4,0.3873032629489898,0.9502407908439636,-0.0198277290910482
28,0,5,0.3509514927864074,0.984326183795929,-0.0013092946028336
28,0,6,0.3743647933006286,1.0009880065917969,-0.0074180183000862
28,0,7,0.3912845551967621,1.0110085010528564,-0.0142765082418918
28,0,8,0.4045855402946472,1.0177183151245115,-0.0189496297389268
28,0,9,0.3422131538391113,0.995297908782959,-0.0016223730053752
28,0,10,0.3661792874336242,1.0137149095535278,-0.0049811443313956
28,0,11,0.3825677037239074,1.023073434829712,-0.0094507783651351
28,0,12,0.3963253498077392,1.0311006307601929,-0.0128092030063271
28,0,13,0.3323899805545807,1.0034706592559814,-0.0035416211467236
28,0,14,0.3539187312126159,1.021661639213562,-0.0059259324334561
28,0,15,0.3689625561237335,1.0311119556427002,-0.0053509129211306
28,0,16,0.3811016082763672,1.0399490594863892,-0.004960945341736
28,0,17,0.3212687373161316,1.009102463722229,-0.006786108482629
28,0,18,0.3377529680728912,1.0263062715530396,-0.0082294689491391
28,0,19,0.3489093780517578,1.0365347862243652,-0.0059289596974849
28,0,20,0.3578151762485504,1.04499089717865,-0.0037387558259069
28,0,21,0.5001421570777893,0.3748276233673095,-1.0221325159072876
28,0,22,0.5327672958374023,0.3360395431518554,-0.9691765308380128
28,0,23,0.5307778716087341,0.4139994978904724,-0.8671467304229736
28,0,24,0.7009883522987366,0.5828455090522766,-0.2326155751943588
28,0,25,0.812461256980896,0.8361181020736694,-0.2342312633991241
28,1,0,0.0,0.0,0.0
28,1,1,0.0,0.0,0.0
28,1,2,0.0,0.0,0.0
28,1,3,0.0,0.0,0.0
28,1,4,0.0,0.0,0.0
28,1,5,0.0,0.0,0.0
28,1,6,0.0,0.0,0.0
28,1,7,0.0,0.0,0.0
28,1,8,0.0,0.0,0.0
28,1,9,0.0,0.0,0.0
28,1,10,0.0,0.0,0.0
28,1,11,0.0,0.0,0.0
28,1,12,0.0,0.0,0.0
28,1,13,0.0,0.0,0.0
28,1,14,0.0,0.0,0.0
28,1,15,0.0,0.0,0.0
28,1,16,0.0,0.0,0.0
28,1,17,0.0,0.0,0.0
28,1,18,0.0,0.0,0.0
28,1,19,0.0,0.0,0.0
28,1,20,0.0,0.0,0.0
28,1,21,0.5001421570777893,0.3748276233673095,-1.0221325159072876
28,1,22,0.4590939283370971,0.3421339392662048,-0.9819293022155762
28,1,23,0.4748352766036987,0.4218786954879761,-0.8817789554595947
28,1,24,0.3321050405502319,0.5875161290168762,-0.3382400572299957
28,1,25,0.2296478748321533,0.8510502576828003,-0.3194592595100403
31,0,0,0.272737592458725,0.9542665481567384,5.582159090522509e-08
31,0,1,0.3023161292076111,0.9411860704421996,-0.0124285789206624
31,0,2,0.3390963673591614,0.941990315914154,-0.0209884997457265
31,0,3,0.3680559992790222,0.9474108219146729,-0.0282700955867767
31,0,4,0.39199960231781,0.9464158415794371,-0.0346853211522102
31,0,5,0.3472112715244293,0.9824133515357972,-0.0127895371988415
31,0,6,0.3728354573249817,1.0013874769210815,-0.0226245019584894
31,0,7,0.3878762423992157,1.0104732513427734,-0.0306689273566007
31,0,8,0.3988555371761322,1.015353798866272,-0.0357433296740055
31,0,9,0.3337535560131073,0.9997013807296752,-0.0123416306450963
31,0,10,0.3581644594669342,1.0193973779678345,-0.0182826314121484
31,0,11,0.3726286292076111,1.027472734451294,-0.0222387816756963
31,0,12,0.3831332623958587,1.0324468612670898,-0.0254258513450622
31,0,13,0.3176321387290954,1.0130857229232788,-0.0133496634662151
31,0,14,0.3394047617912292,1.034434199333191,-0.0185982622206211
31,0,15,0.3523225486278534,1.0418643951416016,-0.0165155883878469
31,0,16,0.3611060678958893,1.0463874340057373,-0.0148589611053466
31,0,17,0.3011389970779419,1.023098349571228,-0.0157110169529914
31,0,18,0.3190560340881347,1.0424091815948486,-0.0190370958298444
31,0,19,0.3283283114433288,1.050240397453308,-0.0156887080520391
31,0,20,0.3342938721179962,1.0548003911972046,-0.0125272404402494
31,0,21,0.5053197145462036,0.3717321753501892,-1.0047682523727417
31,0,22,0.5346740484237671,0.3334391713142395,-0.9454801082611084
31,0,23,0.5338137745857239,0.4100341200828552,-0.8435736894607544
31,0,24,0.6981794834136963,0.5822370052337646,-0.1891054660081863
31,0,25,0.8116313219070435,0.8291903734207153,-0.2325348556041717
31,1,0,0.7936098575592041,0.9487909078598022,1.6203262021008413e-07
31,1,1,0.7617796063423157,0.9395788311958312,-0.0176206808537244
31,1,2,0.7274317145347595,0.9405538439750672,-0.0282024834305048
31,1,3,0.6994844675064087,0.9395349621772766,-0.0363438874483108
31,1,4,0.6795983910560608,0.9310091733932496,-0.0440888293087482
31,1,5,0.7327479720115662,0.9836896657943726,-0.016956154257059
31,1,6,0.7154530882835388,1.0066697597503662,-0.0256394688040018
31,1,7,0.7060161828994751,1.0200536251068115,-0.0330695249140262
31,1,8,0.6990293860435486,1.0294692516326904,-0.0380544029176235
31,1,9,0.7484409213066101,0.9968408346176147,-0.011940898373723
31,1,10,0.7315686345100403,1.0208498239517212,-0.0183689389377832
31,1,11,0.721974790096283,1.0367884635925293,-0.0237103383988142
31,1,12,0.7152659296989441,1.0496315956115725,-0.0276127476245164
31,1,13,0.7630599737167358,1.0049209594726562,-0.0081841116771101
31,1,14,0.7491708993911743,1.0286741256713867,-0.0133048174902796
31,1,15,0.7416542768478394,1.043467998504639,-0.0149304959923028
31,1,16,0.7356159090995789,1.0548241138458252,-0.0157647915184497
31,1,17,0.7764459848403931,1.008853316307068,-0.0060764723457396
31,1,18,0.7673444747924805,1.029491305351257,-0.0088463239371776
31,1,19,0.7615619897842407,1.0429691076278689,-0.0079737128689885
31,1,20,0.7566471695899963,1.052880883216858,-0.0070121102035045
31,1,21,0.5053197145462036,0.3717321753501892,-1.0047682523727417
31,1,22,0.4643759429454803,0.3402227759361267,-0.9610872268676758
31,1,23,0.4808062613010406,0.417072594165802,-0.8620156049728394
31,1,24,0.331777811050415,0.5848845839500427,-0.3011415302753448
31,1,25,0.2295365035533905,0.845059335231781,-0.2960478663444519
33,0,0,0.7927514314651489,0.9485193490982056,1.4248276158923545e-07
33,0,1,0.7632963061332703,0.9400718212127686,-0.0152644095942378
33,0,2,0.7295308113098145,0.9419603943824768,-0.025783859193325
33,0,3,0.7022265195846558,0.9419426918029784,-0.0346796140074729
33,0,4,0.6820900440216064,0.934178352355957,-0.0433378517627716
33,0,5,0.735265851020813,0.9798451066017152,-0.0175481345504522
33,0,6,0.7189207673072815,1.0024605989456177,-0.027442567050457
33,0,7,0.7106090784072876,1.0175906419754028,-0.0349117554724216
33,0,8,0.7042878270149231,1.0288358926773071,-0.0400955379009246
33,0,9,0.7513649463653564,0.9939709305763244,-0.0150035358965396
33,0,10,0.7369738221168518,1.0175583362579346,-0.0228508058935403
33,0,11,0.7294600605964661,1.032663345336914,-0.0277712903916835
33,0,12,0.723352313041687,1.045446515083313,-0.0314711667597293
33,0,13,0.7672173380851746,1.0030838251113892,-0.0136155318468809
33,0,14,0.7555837035179138,1.0263760089874268,-0.0201360043138265
33,0,15,0.75001460313797,1.0393407344818115,-0.0211980827152729
33,0,16,0.7450573444366455,1.0496290922164917,-0.0216391887515783
33,0,17,0.7818636894226074,1.0082969665527344,-0.0137060564011335
33,0,18,0.7739777565002441,1.0279889106750488,-0.0176562517881393
33,0,19,0.7697122693061829,1.0403660535812378,-0.0170303788036108
33,0,20,0.7660998702049255,1.050339937210083,-0.0162449162453413
33,0,21,0.4973118603229522,0.371089220046997,-0.9657254219055176
33,0,22,0.5306148529052734,0.3310150504112243,-0.9072821140289308
33,0,23,0.5285020470619202,0.4087660312652588,-0.8078635334968567
33,0,24,0.6980098485946655,0.5806481838226318,-0.1639171242713928
33,0,25,0.8132623434066772,0.8279653787612915,-0.2045084983110427
33,1,0,0.2772940993309021,0.9481692910194396,7.117659350797112e-08
33,1,1,0.3054828941822052,0.9383788108825684,-0.0108422497287392
33,1,2,0.3391917943954468,0.9414207935333252,-0.0196695253252983
33,1,3,0.3657629489898681,0.9474319219589232,-0.0279484186321496
33,1,4,0.3882887959480285,0.9457626938819884,-0.0356183722615242
33,1,5,0.3496938347816467,0.982772409915924,-0.0114496070891618
33,1,6,0.3702326416969299,1.005012273788452,-0.0221499074250459
33,1,7,0.3805127441883087,1.01403546333313,-0.0305578857660293
33,1,8,0.3864796757698059,1.0176434516906738,-0.0357633009552955
33,1,9,0.3352606296539306,0.9957029819488524,-0.012422208674252
33,1,10,0.3536075353622436,1.01829993724823,-0.0194135960191488
33,1,11,0.3608097434043884,1.0240689516067505,-0.0229883063584566
33,1,12,0.3651608228683471,1.0276366472244265,-0.0256445594131946
33,1,13,0.3177821636199951,1.005213975906372,-0.0150306895375251
33,1,14,0.3326552808284759,1.028534173965454,-0.0212601497769355
33,1,15,0.3386351466178894,1.0343129634857178,-0.0190316475927829
33,1,16,0.3421741425991058,1.037808895111084,-0.0174371227622032
33,1,17,0.2982752919197082,1.0113083124160769,-0.0189221538603305
33,1,18,0.3078929781913757,1.0325241088867188,-0.02328328974545
33,1,19,0.3117424845695495,1.0405172109603882,-0.0203975364565849
33,1,20,0.3142722845077514,1.0454881191253662,-0.0176828801631927
33,1,21,0.4973118603229522,0.371089220046997,-0.9657254219055176
33,1,22,0.4589388966560364,0.3387819528579712,-0.9212850332260132
33,1,23,0.4741569459438324,0.415506362915039,-0.8238925933837891
33,1,24,0.3323305249214172,0.585490882396698,-0.2793774604797363
33,1,25,0.232789933681488,0.851588785648346,-0.2931175231933594
34,0,0,0.277348518371582,0.9509310126304626,1.490460590503062e-07
34,0,1,0.3044163584709167,0.9403207302093506,-0.0143076591193676
34,0,2,0.3386944234371185,0.9409521222114564,-0.0242134053260087
34,0,3,0.3649726808071136,0.9459921717643738,-0.0323499739170074
34,0,4,0.387876957654953,0.946078896522522,-0.0400795899331569
34,0,5,0.3468440473079681,0.9843162298202516,-0.017834136262536
34,0,6,0.3685720264911651,1.00674307346344,-0.0289685018360614
34,0,7,0.3826443552970886,1.0201432704925537,-0.0376833118498325
34,0,8,0.3937035202980041,1.0290368795394895,-0.0430837385356426
34,0,9,0.3331988751888275,0.998031497001648,-0.0168760847300291
34,0,10,0.3540640473365783,1.0219231843948364,-0.0240219831466674
34,0,11,0.3677953779697418,1.0345066785812378,-0.0280269868671894
34,0,12,0.3784044981002807,1.0441535711288452,-0.0309365149587392
34,0,13,0.317260205745697,1.0077590942382812,-0.017389316111803
34,0,14,0.3348263800144195,1.0313621759414673,-0.0230700969696044
34,0,15,0.3463435173034668,1.0431758165359497,-0.0212481506168842
34,0,16,0.3549303710460663,1.052199125289917,-0.0197391659021377
34,0,17,0.3006131052970886,1.0140631198883057,-0.0194708984345197
34,0,18,0.3142097890377044,1.0345042943954468,-0.0234892219305038
34,0,19,0.3230953216552734,1.0458236932754517,-0.020742829889059
34,0,20,0.3299069702625274,1.0540971755981443,-0.0179874114692211
34,0,21,0.4958149790763855,0.3693516254425049,-0.9471087455749512
34,0,22,0.5306518077850342,0.329082190990448,-0.887190580368042
34,0,23,0.527578592300415,0.4080162644386291,-0.788777232170105
34,0,24,0.6975362300872803,0.5806853175163269,-0.1392465233802795
34,0,25,0.8123645782470703,0.8303956389427185,-0.1756714433431625
34,1,0,0.7929601073265076,0.9489498138427734,1.5451456647497253e-07
34,1,1,0.7622233629226685,0.9399142265319824,-0.0160907693207263
34,1,2,0.7281196117401123,0.9416513442993164,-0.026677206158638
34,1,3,0.7020156383514404,0.9423555135726928,-0.0354530923068523
34,1,4,0.6820796728134155,0.9355693459510804,-0.0440141260623931
34,1,5,0.7339524030685425,0.9820200204849244,-0.0162699930369853
34,1,6,0.7177958488464355,1.005014181137085,-0.025835458189249
34,1,7,0.7095441818237305,1.0201040506362915,-0.0337053351104259
34,1,8,0.7034227252006531,1.031276822090149,-0.0389975979924202
34,1,9,0.749674916267395,0.9947390556335448,-0.0128946229815483
34,1,10,0.7345752120018005,1.018941044807434,-0.0203306917101144
34,1,11,0.7262924909591675,1.0358614921569824,-0.0260612964630126
34,1,12,0.7200167775154114,1.0493996143341064,-0.0301462113857269
34,1,13,0.7644826173782349,1.0028319358825684,-0.0107048610225319
34,1,14,0.7516745924949646,1.0267822742462158,-0.0167460404336452
34,1,15,0.7449966073036194,1.0412698984146118,-0.0181387942284345
34,1,16,0.7389373183250427,1.0522589683532717,-0.0186265632510185
34,1,17,0.7781947255134583,1.0071818828582764,-0.0100710811093449
34,1,18,0.7689923048019409,1.0276262760162354,-0.0134197175502777
34,1,19,0.7635213732719421,1.0406097173690796,-0.0123584568500518
34,1,20,0.7588226795196533,1.0503036975860596,-0.0111233415082097
34,1,21,0.4958149790763855,0.3693516254425049,-0.9471087455749512
34,1,22,0.4591104388236999,0.3366492390632629,-0.902312397956848
34,1,23,0.4725494682788849,0.413722813129425,-0.8062858581542969
34,1,24,0.331501692533493,0.5856900215148926,-0.2710519134998321
34,1,25,0.2311578392982483,0.8526279926300049,-0.2731262743473053
39,0,0,0.7928556799888611,0.9432323575019836,1.6023007276544377e-07
39,0,1,0.7641142010688782,0.938262701034546,-0.0136569002643227
39,0,2,0.7304300665855408,0.943535566329956,-0.0227246880531311
39,0,3,0.7038727402687073,0.9442747831344604,-0.0304706245660781
39,0,4,0.6843878626823425,0.9367902874946594,-0.0379171893000602
39,0,5,0.7328503131866455,0.9797154664993286,-0.0130179915577173
39,0,6,0.7158496379852295,1.0045233964920044,-0.0216865856200456
39,0,7,0.7065171599388123,1.0190774202346802,-0.0285916049033403
39,0,8,0.6996878981590271,1.0289206504821775,-0.0331270396709442
39,0,9,0.7476738691329956,0.991682469844818,-0.0107364309951663
39,0,10,0.732451319694519,1.0168520212173462,-0.0172774754464626
39,0,11,0.7237597107887268,1.0324649810791016,-0.0223551597446203
39,0,12,0.7173575758934021,1.0441831350326538,-0.0258440375328063
39,0,13,0.7626588344573975,0.999335765838623,-0.0096564339473843
39,0,14,0.7502911686897278,1.0238584280014038,-0.0150727955624461
39,0,15,0.7435372471809387,1.0370523929595947,-0.0162957068532705
39,0,16,0.7378200888633728,1.046576976776123,-0.0166066847741603
39,0,17,0.7773308753967285,1.0035489797592163,-0.0099350856617093
39,0,18,0.7685151100158691,1.024250626564026,-0.0130995446816086
39,0,19,0.7639133334159851,1.0365309715270996,-0.0119831273332238
39,0,20,0.7602317333221436,1.0456591844558716,-0.0105918860062956
39,0,21,0.4996134638786316,0.3703979253768921,-0.9455685019493104
39,0,22,0.5318185687065125,0.3307251334190368,-0.8834037780761719
39,0,23,0.5293330550193787,0.4085702300071716,-0.7817267179489136
39,0,24,0.6982898116111755,0.5817080140113831,-0.1128043979406356
39,0,25,0.8107359409332275,0.8351274728775024,-0.1795358061790466
39,1,0,0.0,0.0,0.0
39,1,1,0.0,0.0,0.0
39,1,2,0.0,0.0,0.0
39,1,3,0.0,0.0,0.0
39,1,4,0.0,0.0,0.0
39,1,5,0.0,0.0,0.0
39,1,6,0.0,0.0,0.0
39,1,7,0.0,0.0,0.0
39,1,8,0.0,0.0,0.0
39,1,9,0.0,0.0,0.0
39,1,10,0.0,0.0,0.0
39,1,11,0.0,0.0,0.0
39,1,12,0.0,0.0,0.0
39,1,13,0.0,0.0,0.0
39,1,14,0.0,0.0,0.0
39,1,15,0.0,0.0,0.0
39,1,16,0.0,0.0,0.0
39,1,17,0.0,0.0,0.0
39,1,18,0.0,0.0,0.0
39,1,19,0.0,0.0,0.0
39,1,20,0.0,0.0,0.0
39,1,21,0.4996134638786316,0.3703979253768921,-0.9455685019493104
39,1,22,0.4611182510852813,0.3372471928596496,-0.8993876576423645
39,1,23,0.4762592911720276,0.4145165681838989,-0.800472617149353
39,1,24,0.3346269130706787,0.5846032500267029,-0.257796972990036
39,1,25,0.229758471250534,0.8384660482406616,-0.3199810087680816
40,0,0,0.2725041508674621,0.95261549949646,4.75013237632993e-08
40,0,1,0.3015743196010589,0.9400664567947388,-0.0090580293908715
40,0,2,0.3371437191963196,0.9414740800857544,-0.0144634200260043
40,0,3,0.3646518588066101,0.9484449028968812,-0.0193736422806978
40,0,4,0.3872464597225189,0.9501363039016724,-0.0232068002223968
40,0,5,0.3443264961242676,0.9807830452919006,-0.0044244611635804
40,0,6,0.3694801032543182,0.9996498823165894,-0.0113294813781976
40,0,7,0.3824611306190491,1.0073955059051514,-0.0175184626132249
40,0,8,0.390512079000473,1.0108386278152466,-0.0212293677031993
40,0,9,0.3333258330821991,0.9954404830932616,-0.0045558959245681
40,0,10,0.3567986488342285,1.0142360925674438,-0.0078119039535522
40,0,11,0.3689314126968384,1.0209184885025024,-0.0109011679887771
40,0,12,0.3763863444328308,1.0251997709274292,-0.0134062031283974
40,0,13,0.3198155164718628,1.0064947605133057,-0.006260403431952
40,0,14,0.3407342135906219,1.0268070697784424,-0.0093048764392733
40,0,15,0.3505695164203644,1.0330595970153809,-0.0074371919035911
40,0,16,0.3564989566802978,1.0369603633880615,-0.0060785701498389
40,0,17,0.3056601285934448,1.0148155689239502,-0.0091189630329608
40,0,18,0.3222189843654632,1.03343665599823,-0.0107177626341581
40,0,19,0.3300248682498932,1.0408095121383667,-0.0073862420395016
40,0,20,0.3346165418624878,1.045399188995361,-0.0044010397978127
40,0,21,0.5003586411476135,0.3713963627815246,-0.9296520948410034
40,0,22,0.5321307182312012,0.3311375975608825,-0.8659358620643616
40,0,23,0.5302459597587585,0.4100385308265686,-0.7679436206817627
40,0,24,0.6948384046554565,0.575724720954895,-0.1138787716627121
40,0,25,0.8135645389556885,0.8183668851852417,-0.1643996238708496
40,1,0,0.7902421951293945,0.942890167236328,1.3681393795650365e-07
40,1,1,0.7616920471191406,0.9379200339317322,-0.012409052811563
40,1,2,0.7295228242874146,0.9416612386703492,-0.0212499964982271
40,1,3,0.7036555409431458,0.9428873062133788,-0.0288942344486713
40,1,4,0.6845853924751282,0.9373338222503662,-0.0363407433032989
40,1,5,0.7331777811050415,0.9782772660255432,-0.0130763221532106
40,1,6,0.7159603238105774,1.0032308101654053,-0.0221175700426101
40,1,7,0.7071285247802734,1.0181678533554075,-0.0292101390659809
40,1,8,0.7008543014526367,1.0281188488006592,-0.0338802635669708
40,1,9,0.7486003041267395,0.9906902313232422,-0.011516029946506
40,1,10,0.7330986261367798,1.0163097381591797,-0.0186753496527671
40,1,11,0.7248503565788269,1.032309651374817,-0.0241064745932817
40,1,12,0.7192792296409607,1.0445667505264282,-0.0279662702232599
40,1,13,0.7639574408531189,0.998652160167694,-0.0109484000131487
40,1,14,0.7513309717178345,1.0236085653305054,-0.0168229527771472
40,1,15,0.7451649308204651,1.0374172925949097,-0.0178675688803195
40,1,16,0.7406619787216187,1.0472536087036133,-0.0182059854269027
40,1,17,0.7787480354309082,1.0031309127807615,-0.0115798860788345
40,1,18,0.7704938054084778,1.024074673652649,-0.0153619181364774
40,1,19,0.7656025290489197,1.0367841720581057,-0.0143390074372291
40,1,20,0.7616569995880127,1.0464602708816528,-0.0130061088129878
40,1,21,0.5003586411476135,0.3713963627815246,-0.9296520948410034
40,1,22,0.4624175429344177,0.3377625346183777,-0.8844878077507019
40,1,23,0.4768434166908264,0.4143692255020141,-0.7904675006866455
40,1,24,0.333879292011261,0.5855472087860107,-0.2601025998592376
40,1,25,0.232204407453537,0.8387362360954285,-0.2995780408382416
41,0,0,0.7908136248588562,0.9432090520858764,1.343300937151071e-07
41,0,1,0.7618608474731445,0.938427209854126,-0.0125984689220786
41,0,2,0.7285747528076172,0.9428600668907166,-0.0210042763501405
41,0,3,0.7020882368087769,0.9425540566444396,-0.0282363407313823
41,0,4,0.6835482716560364,0.9346023201942444,-0.0351124927401542
41,0,5,0.732802152633667,0.9794113636016846,-0.0108631681650877
41,0,6,0.7178061604499817,1.003740310668945,-0.0188487526029348
41,0,7,0.7108545303344727,1.0158758163452148,-0.0256585888564586
41,0,8,0.7056804895401001,1.0235202312469482,-0.0302853491157293
41,0,9,0.7489699721336365,0.99125999212265,-0.0089763356372714
41,0,10,0.7353501915931702,1.0161341428756714,-0.0149346152320504
41,0,11,0.7290286421775818,1.029412865638733,-0.0201634671539068
41,0,12,0.7248808145523071,1.039086103439331,-0.0240053515881299
41,0,13,0.765423595905304,0.9985875487327576,-0.0083264671266078
41,0,14,0.7542140483856201,1.0219796895980835,-0.0133822495117783
41,0,15,0.7506474256515503,1.0329917669296265,-0.0145635260269045
41,0,16,0.7481934428215027,1.040627360343933,-0.0150745948776602
41,0,17,0.7812702059745789,1.0022560358047483,-0.0088915415108203
41,0,18,0.7743263840675354,1.0218511819839478,-0.0118282418698072
41,0,19,0.7717829942703247,1.0321753025054932,-0.0105837574228644
41,0,20,0.7699683308601379,1.0396580696105957,-0.0092567456886172
41,0,21,0.4969370067119598,0.3709538578987121,-0.923845648765564
41,0,22,0.5298903584480286,0.3305410146713257,-0.8624259829521179
41,0,23,0.5273529291152954,0.4080241322517395,-0.7678992748260498
41,0,24,0.6910953521728516,0.5738968253135681,-0.1353555470705032
41,0,25,0.8055672645568848,0.8105607628822327,-0.1601696908473968
41,1,0,0.2786599397659302,0.9531380534172058,1.111131311404279e-07
41,1,1,0.3048959076404571,0.9418343305587769,-0.0134689267724752
41,1,2,0.3384362161159515,0.9428298473358154,-0.0224818587303161
41,1,3,0.3641822338104248,0.9486516714096068,-0.0297685321420431
41,1,4,0.3872403800487518,0.9503514170646667,-0.0364556200802326
41,1,5,0.345324695110321,0.9850087761878968,-0.0150720896199345
41,1,6,0.3674558103084564,1.004340648651123,-0.0247709471732378
41,1,7,0.3816044330596924,1.0130821466445925,-0.0327410697937011
41,1,8,0.3921947479248047,1.017476201057434,-0.0376047194004058
41,1,9,0.3324114084243774,0.998286247253418,-0.0138257127255201
41,1,10,0.3539722263813019,1.019988179206848,-0.0189830008894205
41,1,11,0.3671469390392303,1.0298653841018677,-0.0222640763968229
41,1,12,0.3762787878513336,1.036845326423645,-0.0249838605523109
41,1,13,0.3177271783351898,1.0077348947525024,-0.0140224583446979
41,1,14,0.3373444676399231,1.030426025390625,-0.0182392168790102
41,1,15,0.349511057138443,1.0410184860229492,-0.0160313043743371
41,1,16,0.3586457371711731,1.0491095781326294,-0.0145211042836308
41,1,17,0.3027518987655639,1.0140550136566162,-0.0157086495310068
41,1,18,0.3184119760990143,1.0341490507125854,-0.0185980964452028
41,1,19,0.3276905417442322,1.0447279214859009,-0.0153952706605196
41,1,20,0.3346878290176391,1.0524946451187134,-0.0125283040106296
41,1,21,0.4969370067119598,0.3709538578987121,-0.923845648765564
41,1,22,0.4606600403785705,0.3381605148315429,-0.8793973922729492
41,1,23,0.4752325415611267,0.4139243364334106,-0.7882581949234009
41,1,24,0.336332619190216,0.580650269985199,-0.2715300619602203
41,1,25,0.2282304763793945,0.8300525546073914,-0.2996740341186523
43,0,0,0.7907924652099609,0.9405640959739684,1.6754189857692836e-07
43,0,1,0.7613000869750977,0.9372150301933287,-0.0145338177680969
43,0,2,0.7299109101295471,0.9419240355491638,-0.0258439593017101
43,0,3,0.7046549916267395,0.9431540966033936,-0.0358003377914428
43,0,4,0.6846104860305786,0.9361870884895324,-0.0460995845496654
43,0,5,0.7298909425735474,0.9828059673309326,-0.0183769799768924
43,0,6,0.7139831185340881,1.0092921257019043,-0.0293388180434703
43,0,7,0.7066260576248169,1.0261483192443848,-0.037861593067646
43,0,8,0.7016842365264893,1.0380074977874756,-0.0436773002147674
43,0,9,0.7478225231170654,0.993496835231781,-0.0174234062433242
43,0,10,0.7341932058334351,1.0209431648254397,-0.0266131106764078
43,0,11,0.7273126244544983,1.0387117862701416,-0.0333540700376033
43,0,12,0.7229027152061462,1.0526658296585083,-0.0382644087076187
43,0,13,0.7666552662849426,0.9990106225013732,-0.0175234973430633
43,0,14,0.756005048751831,1.0255191326141355,-0.0249866656959056
43,0,15,0.7513836026191711,1.0407342910766602,-0.0271033253520727
43,0,16,0.7481356263160706,1.0519837141036987,-0.0283496882766485
43,0,17,0.7853743433952332,1.000537991523743,-0.0189407616853714
43,0,18,0.7783657908439636,1.02250874042511,-0.0241922792047262
43,0,19,0.7745155096054077,1.035864233970642,-0.0241592973470687
43,0,20,0.771328330039978,1.0468021631240845,-0.0236570574343204
43,0,21,0.4948948919773102,0.3704810738563537,-0.952595353126526
43,0,22,0.5304774045944214,0.329412579536438,-0.8933470249176025
43,0,23,0.5274768471717834,0.4083550572395324,-0.7964569926261902
43,0,24,0.6945148706436157,0.57731693983078,-0.1692867428064346
43,0,25,0.8094167113304138,0.824959397315979,-0.1958619356155395
43,1,0,0.274343878030777,0.9540151953697203,9.81180363623935e-08
43,1,1,0.3018640875816345,0.9442174434661864,-0.0108301322907209
43,1,2,0.3371675312519073,0.9451267123222352,-0.0181407555937767
43,1,3,0.3632704317569732,0.950576901435852,-0.0240964200347661
43,1,4,0.3853350281715393,0.952917456626892,-0.0294710490852594
43,1,5,0.342136800289154,0.9832492470741272,-0.0126303508877754
43,1,6,0.365541398525238,1.0021997690200806,-0.0206470135599374
43,1,7,0.379379391670227,1.0132044553756714,-0.0269754119217395
43,1,8,0.3894684612751007,1.0202652215957642,-0.030867576599121
43,1,9,0.3297884464263916,0.9959068298339844,-0.0118880467489361
43,1,10,0.3520478010177612,1.016497015953064,-0.0159229058772325
43,1,11,0.3649551272392273,1.026683330535889,-0.01834118925035
43,1,12,0.3745454847812652,1.0346693992614746,-0.0205606911331415
43,1,13,0.3151099979877472,1.0057368278503418,-0.0123028121888637
43,1,14,0.3342134952545166,1.0275664329528809,-0.015269860625267
43,1,15,0.3450815081596374,1.0374499559402466,-0.0126555543392896
43,1,16,0.353202223777771,1.0450942516326904,-0.0110387299209833
43,1,17,0.2994804978370666,1.013209104537964,-0.0139491604641079
43,1,18,0.3141930401325226,1.032644510269165,-0.0155441621318459
43,1,19,0.3224777579307556,1.042569279670715,-0.011974524706602
43,1,20,0.3285348117351532,1.0499770641326904,-0.0090213287621736
43,1,21,0.4948948919773102,0.3704810738563537,-0.952595353126526
43,1,22,0.459442138671875,0.3363406062126159,-0.90813809633255
43,1,23,0.473416268825531,0.4127670526504516,-0.8135989904403687
43,1,24,0.3318549394607544,0.5850101709365845,-0.2948674261569977
43,1,25,0.2312380671501159,0.8438887596130371,-0.3373134732246399
