Frame,Hand,Landmark,X,Y,Z
2,0,0,0.2370855510234832,0.6157701015472412,3.269728665600269e-07
2,0,1,0.2254054844379425,0.5643794536590576,0.0078026745468378
2,0,2,0.2386989593505859,0.5174890756607056,0.0033652463462203
2,0,3,0.2677262723445892,0.4963108599185943,-0.0046495795249938
2,0,4,0.2936171889305115,0.4845777451992035,-0.0134341530501842
2,0,5,0.2249659448862075,0.4973252713680267,-0.014942399226129
2,0,6,0.239083781838417,0.4331152439117431,-0.0294458325952291
2,0,7,0.2557366788387298,0.3998701870441437,-0.0359711349010467
2,0,8,0.2727218568325043,0.3788246512413025,-0.0387823171913623
2,0,9,0.2448534816503524,0.5033767819404602,-0.0281100459396839
2,0,10,0.2565987706184387,0.4384154677391052,-0.0403124950826168
2,0,11,0.2766792178153991,0.4048104286193847,-0.0464543960988521
2,0,12,0.2962167263031006,0.3861501216888428,-0.0502258762717247
2,0,13,0.2682816684246063,0.5162766575813293,-0.0402745157480239
2,0,14,0.2818998396396637,0.4606474041938782,-0.0526268221437931
2,0,15,0.2864796221256256,0.4466723203659057,-0.0594445653259754
2,0,16,0.2894808650016784,0.4432283341884613,-0.0631762072443962
2,0,17,0.2942969501018524,0.532407820224762,-0.0514044277369976
2,0,18,0.2994084358215332,0.5013440847396851,-0.0621437728404998
2,0,19,0.2966683506965637,0.4962594509124756,-0.0661339610815048
2,0,20,0.2957418859004974,0.4977169632911682,-0.0678596347570419
2,0,24,0.6912052035331726,0.5162791013717651,-0.0348837524652481
2,0,25,0.7791417837142944,0.8238376379013062,-0.1118899211287498
2,1,0,0.0,0.0,0.0
2,1,1,0.0,0.0,0.0
2,1,2,0.0,0.0,0.0
2,1,3,0.0,0.0,0.0
2,1,4,0.0,0.0,0.0
2,1,5,0.0,0.0,0.0
2,1,6,0.0,0.0,0.0
2,1,7,0.0,0.0,0.0
2,1,8,0.0,0.0,0.0
2,1,9,0.0,0.0,0.0
2,1,10,0.0,0.0,0.0
2,1,11,0.0,0.0,0.0
2,1,12,0.0,0.0,0.0
2,1,13,0.0,0.0,0.0
2,1,14,0.0,0.0,0.0
2,1,15,0.0,0.0,0.0
2,1,16,0.0,0.0,0.0
2,1,17,0.0,0.0,0.0
2,1,18,0.0,0.0,0.0
2,1,19,0.0,0.0,0.0
2,1,20,0.0,0.0,0.0
2,1,24,0.3356415033340454,0.538892388343811,-0.0496035367250442
2,1,25,0.2638520300388336,0.8680849075317383,-0.5517602562904358
3,0,0,0.2415904551744461,0.6141506433486938,1.2779000257978626e-07
3,0,1,0.2268431782722473,0.5675240159034729,0.0139295803382992
3,0,2,0.2336577922105789,0.5214130878448486,0.0132097918540239
3,0,3,0.252641886472702,0.4965944588184356,0.007750803604722
3,0,4,0.270959198474884,0.4808525741100311,0.0024796405341476
3,0,5,0.2273408323526382,0.4991309940814972,-0.0035251346416771
3,0,6,0.2332002222537994,0.4340115189552307,-0.0160401668399572
3,0,7,0.253879964351654,0.4114935100078583,-0.0212769415229558
3,0,8,0.2707736790180206,0.4122792482376098,-0.0211265385150909
3,0,9,0.2469171434640884,0.5038758516311646,-0.0178463738411664
3,0,10,0.255970299243927,0.4382997751235962,-0.0264085326343774
3,0,11,0.2766371667385101,0.4155882000923157,-0.0278608258813619
3,0,12,0.2910015881061554,0.4190486669540405,-0.0262946300208568
3,0,13,0.2690129280090332,0.5160818696022034,-0.0313367247581481
3,0,14,0.2797136008739471,0.4530072212219238,-0.0367272496223449
3,0,15,0.2953637540340423,0.433005690574646,-0.0345324575901031
3,0,16,0.3050819337368011,0.4332960247993469,-0.0315962545573711
3,0,17,0.2929752469062805,0.5325117707252502,-0.0436927452683448
3,0,18,0.3012992441654205,0.4935276806354522,-0.0479693263769149
3,0,19,0.305844634771347,0.4825621247291565,-0.0442168936133384
3,0,20,0.306961715221405,0.485611081123352,-0.0390450321137905
3,0,24,0.6947003602981567,0.5227027535438538,-0.0449164360761642
3,0,25,0.7813680768013,0.8256618976593018,-0.1218534931540489
3,1,0,0.0,0.0,0.0
3,1,1,0.0,0.0,0.0
3,1,2,0.0,0.0,0.0
3,1,3,0.0,0.0,0.0
3,1,4,0.0,0.0,0.0
3,1,5,0.0,0.0,0.0
3,1,6,0.0,0.0,0.0
3,1,7,0.0,0.0,0.0
3,1,8,0.0,0.0,0.0
3,1,9,0.0,0.0,0.0
3,1,10,0.0,0.0,0.0
3,1,11,0.0,0.0,0.0
3,1,12,0.0,0.0,0.0
3,1,13,0.0,0.0,0.0
3,1,14,0.0,0.0,0.0
3,1,15,0.0,0.0,0.0
3,1,16,0.0,0.0,0.0
3,1,17,0.0,0.0,0.0
3,1,18,0.0,0.0,0.0
3,1,19,0.0,0.0,0.0
3,1,20,0.0,0.0,0.0
3,1,24,0.3316835463047027,0.534396767616272,-0.0723650828003883
3,1,25,0.2652924358844757,0.8760960102081299,-0.5588283538818359
4,0,0,0.2412173897027969,0.6102339625358582,9.621545160598545e-08
4,0,1,0.2247910797595977,0.5653356313705444,0.0183621980249881
4,0,2,0.229553684592247,0.5238415598869324,0.0181273501366376
4,0,3,0.2458607703447342,0.5020136833190918,0.0118536138907074
4,0,4,0.262442022562027,0.4868735373020172,0.0059797456488013
4,0,5,0.2262846678495407,0.4998014867305755,-0.0007295370451174
4,0,6,0.2308268249034881,0.4350740611553192,-0.0125530883669853
4,0,7,0.2518662512302398,0.4149440228939056,-0.01415032800287
4,0,8,0.2662584483623504,0.4213441014289856,-0.0100525300949811
4,0,9,0.2460024654865265,0.5031657814979553,-0.0174008812755346
4,0,10,0.2550415694713592,0.4341188073158264,-0.0255934577435255
4,0,11,0.272693395614624,0.4174148738384247,-0.0216237921267747
4,0,12,0.2799718379974365,0.4280064404010772,-0.0146880876272916
4,0,13,0.2668798565864563,0.5135790705680847,-0.0331393443048
4,0,14,0.2831915020942688,0.4493653476238251,-0.0385858826339244
4,0,15,0.2957987785339355,0.4369375705718994,-0.0297825392335653
4,0,16,0.296682059764862,0.4464040994644165,-0.0207621902227401
4,0,17,0.2894421815872192,0.5284057855606079,-0.047487698495388
4,0,18,0.3039188086986542,0.4852599799633026,-0.0514268167316913
4,0,19,0.3110915720462799,0.477452278137207,-0.0435923561453819
4,0,20,0.3085182905197143,0.4861471056938171,-0.0343385748565197
4,0,24,0.6883763074874878,0.5169669985771179,-0.0122801633551716
4,0,25,0.7774398326873779,0.8173525929450989,-0.0826783776283264
4,1,0,0.0,0.0,0.0
4,1,1,0.0,0.0,0.0
4,1,2,0.0,0.0,0.0
4,1,3,0.0,0.0,0.0
4,1,4,0.0,0.0,0.0
4,1,5,0.0,0.0,0.0
4,1,6,0.0,0.0,0.0
4,1,7,0.0,0.0,0.0
4,1,8,0.0,0.0,0.0
4,1,9,0.0,0.0,0.0
4,1,10,0.0,0.0,0.0
4,1,11,0.0,0.0,0.0
4,1,12,0.0,0.0,0.0
4,1,13,0.0,0.0,0.0
4,1,14,0.0,0.0,0.0
4,1,15,0.0,0.0,0.0
4,1,16,0.0,0.0,0.0
4,1,17,0.0,0.0,0.0
4,1,18,0.0,0.0,0.0
4,1,19,0.0,0.0,0.0
4,1,20,0.0,0.0,0.0
4,1,24,0.3313130736351013,0.5347132682800293,-0.0917477235198021
4,1,25,0.2829376459121704,0.8640671968460083,-0.6231202483177185
5,0,0,0.2417499125003814,0.6040621399879456,1.485697680436715e-07
5,0,1,0.2266970574855804,0.5608692765235901,0.0105031011626124
5,0,2,0.231060579419136,0.5157480835914612,0.0073967850767076
5,0,3,0.2454354465007782,0.4883821308612823,0.0008189936634153
5,0,4,0.2614977955818176,0.4693449139595032,-0.0050151837058365
5,0,5,0.2277556210756302,0.4978485107421875,-0.0132979769259691
5,0,6,0.230274498462677,0.4357322454452514,-0.0300659369677305
5,0,7,0.2532796859741211,0.4139024615287781,-0.0360541120171546
5,0,8,0.2693738937377929,0.416899561882019,-0.0355307906866073
5,0,9,0.2440816015005111,0.5047047734260559,-0.0266260132193565
5,0,10,0.2535359859466553,0.4406543672084808,-0.0397230312228202
5,0,11,0.2744892835617065,0.4208270311355591,-0.0399484932422637
5,0,12,0.284807950258255,0.4265148937702179,-0.0363095663487911
5,0,13,0.2639181315898895,0.520289957523346,-0.039268959313631
5,0,14,0.2769614160060882,0.4624089300632477,-0.0491614043712616
5,0,15,0.2933378219604492,0.4428419470787048,-0.0450156293809413
5,0,16,0.3001573383808136,0.4423849880695343,-0.0394601076841354
5,0,17,0.2857450246810913,0.5404556393623352,-0.050767496228218
5,0,18,0.2990689873695373,0.5057134628295898,-0.0598867535591125
5,0,19,0.3088270127773285,0.4867362976074219,-0.0579449944198131
5,0,20,0.3116476833820343,0.4799755811691284,-0.0531747750937938
5,0,24,0.695934534072876,0.5184659957885742,-0.0676811411976814
5,0,25,0.7794503569602966,0.8159114122390747,-0.1527942270040512
5,1,0,0.0,0.0,0.0
5,1,1,0.0,0.0,0.0
5,1,2,0.0,0.0,0.0
5,1,3,0.0,0.0,0.0
5,1,4,0.0,0.0,0.0
5,1,5,0.0,0.0,0.0
5,1,6,0.0,0.0,0.0
5,1,7,0.0,0.0,0.0
5,1,8,0.0,0.0,0.0
5,1,9,0.0,0.0,0.0
5,1,10,0.0,0.0,0.0
5,1,11,0.0,0.0,0.0
5,1,12,0.0,0.0,0.0
5,1,13,0.0,0.0,0.0
5,1,14,0.0,0.0,0.0
5,1,15,0.0,0.0,0.0
5,1,16,0.0,0.0,0.0
5,1,17,0.0,0.0,0.0
5,1,18,0.0,0.0,0.0
5,1,19,0.0,0.0,0.0
5,1,20,0.0,0.0,0.0
5,1,24,0.3302822113037109,0.5379675626754761,-0.0888109728693962
5,1,25,0.2711744606494903,0.8805171251296997,-0.6018506288528442
6,0,0,0.2364407181739807,0.614884614944458,2.5541910986248695e-07
6,0,1,0.224269151687622,0.5692686438560486,0.0011052142363041
6,0,2,0.2300367504358291,0.516264796257019,-0.0050937552005052
6,0,3,0.2452603280544281,0.4783653914928436,-0.0128132104873657
6,0,4,0.2625985443592071,0.4535411894321441,-0.0201726797968149
6,0,5,0.2276169061660766,0.5033037662506104,-0.0223820656538009
6,0,6,0.2357613444328308,0.4407924711704254,-0.0418097488582134
6,0,7,0.2582902610301971,0.4162967801094055,-0.0513455979526042
6,0,8,0.2772569060325622,0.4111225605010986,-0.0543584935367107
6,0,9,0.2454227805137634,0.5134982466697693,-0.0319699607789516
6,0,10,0.2588907480239868,0.4535658061504364,-0.0470613725483417
6,0,11,0.2819826602935791,0.4293580651283264,-0.0518369004130363
6,0,12,0.2991381883621216,0.4230534434318542,-0.0531259700655937
6,0,13,0.2651557624340057,0.5322904586791992,-0.0413412638008594
6,0,14,0.2843793630599975,0.4889408648014068,-0.0537210516631603
6,0,15,0.3024485409259796,0.47430419921875,-0.0540452972054481
6,0,16,0.3133745789527893,0.4697846472263336,-0.0525655597448349
6,0,17,0.2857322096824646,0.5558842420578003,-0.0502856150269508
6,0,18,0.2957878708839416,0.5259531140327454,-0.0578377842903137
6,0,19,0.3023446202278137,0.5092582106590271,-0.0556137338280677
6,0,20,0.305751085281372,0.5005020499229431,-0.0523982755839824
6,0,24,0.691779375076294,0.5186135172843933,-0.1134275197982788
6,0,25,0.7791162133216858,0.8152902722358704,-0.1842722445726394
6,1,0,0.0,0.0,0.0
6,1,1,0.0,0.0,0.0
6,1,2,0.0,0.0,0.0
6,1,3,0.0,0.0,0.0
6,1,4,0.0,0.0,0.0
6,1,5,0.0,0.0,0.0
6,1,6,0.0,0.0,0.0
6,1,7,0.0,0.0,0.0
6,1,8,0.0,0.0,0.0
6,1,9,0.0,0.0,0.0
6,1,10,0.0,0.0,0.0
6,1,11,0.0,0.0,0.0
6,1,12,0.0,0.0,0.0
6,1,13,0.0,0.0,0.0
6,1,14,0.0,0.0,0.0
6,1,15,0.0,0.0,0.0
6,1,16,0.0,0.0,0.0
6,1,17,0.0,0.0,0.0
6,1,18,0.0,0.0,0.0
6,1,19,0.0,0.0,0.0
6,1,20,0.0,0.0,0.0
6,1,24,0.3322151601314544,0.5306318998336792,-0.1180963292717933
6,1,25,0.2649502158164978,0.8739038705825806,-0.6147589683532715
7,0,0,0.2362530678510666,0.6195119023323059,4.2702723135334963e-07
7,0,1,0.2437407672405243,0.5762278437614441,-0.0039426838047802
7,0,2,0.26006880402565,0.5283889770507812,-0.0132964421063661
7,0,3,0.2822100818157196,0.4981209337711334,-0.0238359067589044
7,0,4,0.298580914735794,0.4788562953472137,-0.0354104824364185
7,0,5,0.2339206039905548,0.5004214644432068,-0.0277134906500577
7,0,6,0.2393576055765152,0.4378139674663543,-0.0481895208358764
7,0,7,0.2516244351863861,0.4007506072521209,-0.0604047514498233
7,0,8,0.2645113468170166,0.3733885884284973,-0.0677059516310691
7,0,9,0.2422195225954055,0.5108017921447754,-0.0393822640180587
7,0,10,0.2447915226221084,0.4456448554992676,-0.0584878548979759
7,0,11,0.2573969066143036,0.4058825969696045,-0.071504607796669
7,0,12,0.2709501683712005,0.3779864311218261,-0.0801659002900123
7,0,13,0.2550902962684631,0.5310742259025574,-0.0507509745657444
7,0,14,0.267949640750885,0.4789484441280365,-0.0704256668686866
7,0,15,0.2788449823856354,0.4498623311519623,-0.0815693140029907
7,0,16,0.2876941561698913,0.428321897983551,-0.0884839594364166
7,0,17,0.2715241909027099,0.5579755306243896,-0.0616711899638175
7,0,18,0.2815089225769043,0.5308179259300232,-0.0788446366786956
7,0,19,0.2884348630905151,0.5155050158500671,-0.0844184234738349
7,0,20,0.2939956784248352,0.5050580501556396,-0.0874661952257156
7,0,24,0.6910340785980225,0.5154704451560974,-0.0609068945050239
7,0,25,0.7821023464202881,0.8115355968475342,-0.1177624017000198
7,1,0,0.0,0.0,0.0
7,1,1,0.0,0.0,0.0
7,1,2,0.0,0.0,0.0
7,1,3,0.0,0.0,0.0
7,1,4,0.0,0.0,0.0
7,1,5,0.0,0.0,0.0
7,1,6,0.0,0.0,0.0
7,1,7,0.0,0.0,0.0
7,1,8,0.0,0.0,0.0
7,1,9,0.0,0.0,0.0
7,1,10,0.0,0.0,0.0
7,1,11,0.0,0.0,0.0
7,1,12,0.0,0.0,0.0
7,1,13,0.0,0.0,0.0
7,1,14,0.0,0.0,0.0
7,1,15,0.0,0.0,0.0
7,1,16,0.0,0.0,0.0
7,1,17,0.0,0.0,0.0
7,1,18,0.0,0.0,0.0
7,1,19,0.0,0.0,0.0
7,1,20,0.0,0.0,0.0
7,1,24,0.333020269870758,0.5375687479972839,-0.0759925693273544
7,1,25,0.2667490243911743,0.8819689750671387,-0.5397400856018066
8,0,0,0.2351383566856384,0.6210464835166931,3.554925456228375e-07
8,0,1,0.2380602359771728,0.5730910301208496,0.0008417797507718
8,0,2,0.2556283473968506,0.5252547264099121,-0.0063823265954852
8,0,3,0.2819332480430603,0.4984787702560425,-0.015848584473133
8,0,4,0.2992024421691894,0.4803087413311004,-0.0263904873281717
8,0,5,0.229399561882019,0.4990755617618561,-0.0184067878872156
8,0,6,0.2383398562669754,0.4360070526599884,-0.0351543799042701
8,0,7,0.2502336800098419,0.3984844088554382,-0.0456669852137565
8,0,8,0.261098712682724,0.3705452382564544,-0.0525624193251132
8,0,9,0.2404806315898895,0.5085312128067017,-0.0317805260419845
8,0,10,0.2447145581245422,0.4436240792274475,-0.047894325107336
8,0,11,0.2568779289722442,0.4026397466659546,-0.0610760077834129
8,0,12,0.2689404189586639,0.372618556022644,-0.0703127235174179
8,0,13,0.2568000853061676,0.525953471660614,-0.0447958447039127
8,0,14,0.2667062282562256,0.4672737717628479,-0.0629666745662689
8,0,15,0.2787956297397613,0.4301625788211822,-0.0777724459767341
8,0,16,0.2886743545532226,0.4021450877189636,-0.0878402963280677
8,0,17,0.2785224914550781,0.548888623714447,-0.056753534823656
8,0,18,0.2890190780162811,0.5194518566131592,-0.0729931369423866
8,0,19,0.2958372235298157,0.5044362545013428,-0.0803948044776916
8,0,20,0.3023246526718139,0.4948558211326599,-0.0853315740823745
8,0,24,0.6941946744918823,0.5151481628417969,-0.1398637145757675
8,0,25,0.7754133939743042,0.8060410618782043,-0.2075920104980468
8,1,0,0.0,0.0,0.0
8,1,1,0.0,0.0,0.0
8,1,2,0.0,0.0,0.0
8,1,3,0.0,0.0,0.0
8,1,4,0.0,0.0,0.0
8,1,5,0.0,0.0,0.0
8,1,6,0.0,0.0,0.0
8,1,7,0.0,0.0,0.0
8,1,8,0.0,0.0,0.0
8,1,9,0.0,0.0,0.0
8,1,10,0.0,0.0,0.0
8,1,11,0.0,0.0,0.0
8,1,12,0.0,0.0,0.0
8,1,13,0.0,0.0,0.0
8,1,14,0.0,0.0,0.0
8,1,15,0.0,0.0,0.0
8,1,16,0.0,0.0,0.0
8,1,17,0.0,0.0,0.0
8,1,18,0.0,0.0,0.0
8,1,19,0.0,0.0,0.0
8,1,20,0.0,0.0,0.0
8,1,24,0.3320313692092895,0.5331028699874878,-0.1234540343284607
8,1,25,0.2622646689414978,0.8673880696296692,-0.6037002205848694
9,0,0,0.2374777644872665,0.6158344149589539,3.707236544414627e-07
9,0,1,0.2277164757251739,0.5688577890396118,0.0037441898602992
9,0,2,0.2418950647115707,0.5223609209060669,-0.0040909838862717
9,0,3,0.2713295221328735,0.498071938753128,-0.0149919120594859
9,0,4,0.2961071729660034,0.4827791452407837,-0.0256168432533741
9,0,5,0.2264659851789474,0.4992553293704986,-0.0227157473564147
9,0,6,0.238762691617012,0.4326589405536651,-0.0409577190876007
9,0,7,0.254686176776886,0.3984198570251465,-0.0496708378195762
9,0,8,0.2705766260623932,0.375768095254898,-0.0537977963685989
9,0,9,0.2425012588500976,0.5071755647659302,-0.034946221858263
9,0,10,0.2532190680503845,0.4415526986122131,-0.0530321560800075
9,0,11,0.2743229269981384,0.4087296426296234,-0.0603804886341095
9,0,12,0.2944238781929016,0.3897427916526794,-0.0643055364489555
9,0,13,0.2625896036624908,0.5217902064323425,-0.0462242476642131
9,0,14,0.2866642773151397,0.4738313257694244,-0.063523456454277
9,0,15,0.2921711802482605,0.4786220192909241,-0.0649710223078727
9,0,16,0.2914530038833618,0.4909823536872864,-0.062596745789051
9,0,17,0.2852423191070556,0.5396333336830139,-0.0570764169096946
9,0,18,0.2977476418018341,0.5072292685508728,-0.0699129849672317
9,0,19,0.299805074930191,0.498822420835495,-0.0714881792664527
9,0,20,0.2997066974639892,0.4976422488689422,-0.0702551901340484
9,0,24,0.6889744997024536,0.518402099609375,-0.0881808325648307
9,0,25,0.7827504277229309,0.8205477595329285,-0.1847100406885147
9,1,0,0.0,0.0,0.0
9,1,1,0.0,0.0,0.0
9,1,2,0.0,0.0,0.0
9,1,3,0.0,0.0,0.0
9,1,4,0.0,0.0,0.0
9,1,5,0.0,0.0,0.0
9,1,6,0.0,0.0,0.0
9,1,7,0.0,0.0,0.0
9,1,8,0.0,0.0,0.0
9,1,9,0.0,0.0,0.0
9,1,10,0.0,0.0,0.0
9,1,11,0.0,0.0,0.0
9,1,12,0.0,0.0,0.0
9,1,13,0.0,0.0,0.0
9,1,14,0.0,0.0,0.0
9,1,15,0.0,0.0,0.0
9,1,16,0.0,0.0,0.0
9,1,17,0.0,0.0,0.0
9,1,18,0.0,0.0,0.0
9,1,19,0.0,0.0,0.0
9,1,20,0.0,0.0,0.0
9,1,24,0.3262079954147339,0.5321449041366577,-0.0948523208498954
9,1,25,0.2656144797801971,0.8705182671546936,-0.5994452834129333
10,0,0,0.2402918189764022,0.6108159422874451,2.1172434117033845e-07
10,0,1,0.2299258559942245,0.5689727067947388,0.0102201765403151
10,0,2,0.2372256070375442,0.524638295173645,0.007496977224946
10,0,3,0.2585450112819671,0.5000138282775879,0.0005144172464497
10,0,4,0.2763385474681854,0.4837782979011535,-0.0065876310691237
10,0,5,0.2237137556076049,0.4991171658039093,-0.0034516470041126
10,0,6,0.2299425154924392,0.4389906525611877,-0.015678022056818
10,0,7,0.2481439709663391,0.4135075509548187,-0.0223480071872472
10,0,8,0.264464259147644,0.4071827232837677,-0.0246056467294693
10,0,9,0.2413221597671508,0.5030378103256226,-0.0175210367888212
10,0,10,0.2475957125425338,0.4409462213516235,-0.0271489527076482
10,0,11,0.2684084177017212,0.4145195484161377,-0.0315696746110916
10,0,12,0.2852963209152221,0.4099454581737518,-0.0332308486104011
10,0,13,0.2620044946670532,0.5143494606018066,-0.0314745530486106
10,0,14,0.2712494730949402,0.4537574052810669,-0.0407255738973617
10,0,15,0.2876698672771454,0.4298014640808105,-0.0461297668516635
10,0,16,0.2985598444938659,0.4238015711307525,-0.0494750328361988
10,0,17,0.2860225141048431,0.5308308601379395,-0.0443267039954662
10,0,18,0.2987816035747528,0.4974201619625091,-0.0537342876195907
10,0,19,0.3049510717391968,0.4869393706321716,-0.0561866797506809
10,0,20,0.3065775632858276,0.4882392585277557,-0.056638766080141
10,0,24,0.6921097636222839,0.5183010697364807,-0.1382600367069244
10,0,25,0.777118444442749,0.8110798597335815,-0.2171659022569656
10,1,0,0.0,0.0,0.0
10,1,1,0.0,0.0,0.0
10,1,2,0.0,0.0,0.0
10,1,3,0.0,0.0,0.0
10,1,4,0.0,0.0,0.0
10,1,5,0.0,0.0,0.0
10,1,6,0.0,0.0,0.0
10,1,7,0.0,0.0,0.0
10,1,8,0.0,0.0,0.0
10,1,9,0.0,0.0,0.0
10,1,10,0.0,0.0,0.0
10,1,11,0.0,0.0,0.0
10,1,12,0.0,0.0,0.0
10,1,13,0.0,0.0,0.0
10,1,14,0.0,0.0,0.0
10,1,15,0.0,0.0,0.0
10,1,16,0.0,0.0,0.0
10,1,17,0.0,0.0,0.0
10,1,18,0.0,0.0,0.0
10,1,19,0.0,0.0,0.0
10,1,20,0.0,0.0,0.0
10,1,24,0.3279696702957153,0.5281687378883362,-0.1393211036920547
10,1,25,0.2698571383953094,0.8642982840538025,-0.636468231678009
11,0,0,0.244123101234436,0.6054284572601318,1.41489664429173e-07
11,0,1,0.2272948920726776,0.5658236145973206,0.0140492711216211
11,0,2,0.2290435284376144,0.5237190127372742,0.0121698603034019
11,0,3,0.2426224797964096,0.5009251832962036,0.0046822275035083
11,0,4,0.2582573890686035,0.4857678413391113,-0.0027293893508613
11,0,5,0.2265642583370208,0.4988285005092621,-0.0009960419265553
11,0,6,0.2324353903532028,0.4400893449783325,-0.0155519321560859
11,0,7,0.2516213059425354,0.4177969992160797,-0.0222405884414911
11,0,8,0.2664833962917328,0.4185889959335327,-0.0222678910940885
11,0,9,0.244516834616661,0.5024027824401855,-0.0163439735770225
11,0,10,0.2510146200656891,0.4379434287548065,-0.0268569700419902
11,0,11,0.2696231305599212,0.4191506803035736,-0.027495801448822
11,0,12,0.2805244326591491,0.4274141490459442,-0.0239488370716571
11,0,13,0.2644168734550476,0.512969970703125,-0.031258225440979
11,0,14,0.2785884737968445,0.4516265392303467,-0.0390708558261394
11,0,15,0.2948705554008484,0.4378699958324432,-0.0337391272187233
11,0,16,0.3000164031982422,0.4456344842910766,-0.0266792587935924
11,0,17,0.2862653434276581,0.5285144448280334,-0.0451742075383663
11,0,18,0.3027638792991638,0.4872819185256958,-0.050171859562397
11,0,19,0.3132264912128448,0.4751953184604645,-0.0438595041632652
11,0,20,0.3135562539100647,0.4787117540836334,-0.0356902927160263
11,0,24,0.6942035555839539,0.5237391591072083,-0.0840934887528419
11,0,25,0.7824434041976929,0.830296516418457,-0.1878186464309692
11,1,0,0.0,0.0,0.0
11,1,1,0.0,0.0,0.0
11,1,2,0.0,0.0,0.0
11,1,3,0.0,0.0,0.0
11,1,4,0.0,0.0,0.0
11,1,5,0.0,0.0,0.0
11,1,6,0.0,0.0,0.0
11,1,7,0.0,0.0,0.0
11,1,8,0.0,0.0,0.0
11,1,9,0.0,0.0,0.0
11,1,10,0.0,0.0,0.0
11,1,11,0.0,0.0,0.0
11,1,12,0.0,0.0,0.0
11,1,13,0.0,0.0,0.0
11,1,14,0.0,0.0,0.0
11,1,15,0.0,0.0,0.0
11,1,16,0.0,0.0,0.0
11,1,17,0.0,0.0,0.0
11,1,18,0.0,0.0,0.0
11,1,19,0.0,0.0,0.0
11,1,20,0.0,0.0,0.0
11,1,24,0.3323924243450165,0.5384825468063354,-0.0580900982022285
11,1,25,0.2609995007514953,0.8750050663948059,-0.5501704216003418
13,0,0,0.2373910844326019,0.6120325326919556,2.800936158564582e-07
13,0,1,0.2290416657924652,0.5640226602554321,0.0080240815877914
13,0,2,0.2399492263793945,0.5141171216964722,0.0036405420396476
13,0,3,0.2614026069641113,0.4822290539741516,-0.0036941992584615
13,0,4,0.2799431681632995,0.4592161774635315,-0.0109917884692549
13,0,5,0.230005532503128,0.4974178969860077,-0.0167985130101442
13,0,6,0.2395475506782531,0.434672474861145,-0.0330181829631328
13,0,7,0.2606344819068908,0.4068252444267273,-0.0406836047768592
13,0,8,0.2795533537864685,0.3964018523693084,-0.0431735925376415
13,0,9,0.2446097731590271,0.5058814287185669,-0.0300540458410978
13,0,10,0.2482056617736816,0.4378688037395477,-0.0431341789662838
13,0,11,0.2698023021221161,0.4070312678813934,-0.0476784296333789
13,0,12,0.2897456884384155,0.3965930044651031,-0.0490716397762298
13,0,13,0.2647317349910736,0.5213269591331482,-0.0423707105219364
13,0,14,0.2730235159397125,0.4599278569221496,-0.0536278374493122
13,0,15,0.2915929555892944,0.4344329833984375,-0.058062095195055
13,0,16,0.3062268197536468,0.423872172832489,-0.0602441802620887
13,0,17,0.2899492979049682,0.5411858558654785,-0.0535287372767925
13,0,18,0.2997689247131347,0.5100614428520203,-0.0629754811525344
13,0,19,0.3057988882064819,0.4930372536182403,-0.0652850866317749
13,0,20,0.3099480867385864,0.4841975569725036,-0.0655950829386711
13,0,24,0.6896549463272095,0.5180855393409729,-0.0614385306835174
13,0,25,0.7818433046340942,0.822163462638855,-0.1090706586837768
13,1,0,0.0,0.0,0.0
13,1,1,0.0,0.0,0.0
13,1,2,0.0,0.0,0.0
13,1,3,0.0,0.0,0.0
13,1,4,0.0,0.0,0.0
13,1,5,0.0,0.0,0.0
13,1,6,0.0,0.0,0.0
13,1,7,0.0,0.0,0.0
13,1,8,0.0,0.0,0.0
13,1,9,0.0,0.0,0.0
13,1,10,0.0,0.0,0.0
13,1,11,0.0,0.0,0.0
13,1,12,0.0,0.0,0.0
13,1,13,0.0,0.0,0.0
13,1,14,0.0,0.0,0.0
13,1,15,0.0,0.0,0.0
13,1,16,0.0,0.0,0.0
13,1,17,0.0,0.0,0.0
13,1,18,0.0,0.0,0.0
13,1,19,0.0,0.0,0.0
13,1,20,0.0,0.0,0.0
13,1,24,0.3310900628566742,0.5336046814918518,-0.0986242890357971
13,1,25,0.2683694958686828,0.86518394947052,-0.6114633679389954
14,0,0,0.2387775331735611,0.6220090389251709,3.736580822533142e-07
14,0,1,0.2304283827543258,0.5744901895523071,0.0003510420501697
14,0,2,0.2451977878808975,0.5255633592605591,-0.0076877796091139
14,0,3,0.274669885635376,0.4986105561256408,-0.0183124523609876
14,0,4,0.2996218502521515,0.4826422929763794,-0.0286741759628057
14,0,5,0.2323149442672729,0.4991718232631683,-0.0201775599271059
14,0,6,0.2446120083332061,0.4341805577278137,-0.0381516441702842
14,0,7,0.2593506574630737,0.3973404765129089,-0.0483139902353286
14,0,8,0.2734196186065674,0.3711874485015869,-0.0537832081317901
14,0,9,0.2495610415935516,0.508790135383606,-0.0303917396813631
14,0,10,0.2621854841709137,0.44789519906044,-0.0479337982833385
14,0,11,0.2819119393825531,0.4161900281906128,-0.0566351301968097
14,0,12,0.3000932335853576,0.3958216905593872,-0.0618512742221355
14,0,13,0.2694760262966156,0.5257799029350281,-0.040132787078619
14,0,14,0.2950809299945831,0.4817948043346405,-0.0572639890015125
14,0,15,0.2984042763710022,0.4868399500846863,-0.0588162913918495
14,0,16,0.2950539588928222,0.4987901449203491,-0.0564111545681953
14,0,17,0.2896848022937774,0.5461734533309937,-0.0497941859066486
14,0,18,0.3035491108894348,0.5142857432365417,-0.061226949095726
14,0,19,0.3055756688117981,0.5036269426345825,-0.0616454631090164
14,0,20,0.3035994470119476,0.4994826018810272,-0.0598028302192688
14,0,24,0.6900659203529358,0.5191910266876221,-0.0401893258094787
14,0,25,0.7776238918304443,0.8166360259056091,-0.1044696718454361
14,1,0,0.0,0.0,0.0
14,1,1,0.0,0.0,0.0
14,1,2,0.0,0.0,0.0
14,1,3,0.0,0.0,0.0
14,1,4,0.0,0.0,0.0
14,1,5,0.0,0.0,0.0
14,1,6,0.0,0.0,0.0
14,1,7,0.0,0.0,0.0
14,1,8,0.0,0.0,0.0
14,1,9,0.0,0.0,0.0
14,1,10,0.0,0.0,0.0
14,1,11,0.0,0.0,0.0
14,1,12,0.0,0.0,0.0
14,1,13,0.0,0.0,0.0
14,1,14,0.0,0.0,0.0
14,1,15,0.0,0.0,0.0
14,1,16,0.0,0.0,0.0
14,1,17,0.0,0.0,0.0
14,1,18,0.0,0.0,0.0
14,1,19,0.0,0.0,0.0
14,1,20,0.0,0.0,0.0
14,1,24,0.3306796252727508,0.5450009703636169,-0.0867941454052925
14,1,25,0.2684598565101623,0.8711804151535034,-0.5984304547309875
15,0,0,0.2395977079868316,0.6216467022895813,3.2574459396528255e-07
15,0,1,0.2401487976312637,0.5763629674911499,0.0013222093693912
15,0,2,0.2578921616077423,0.5306379795074463,-0.005075083579868
15,0,3,0.2850962877273559,0.5036147832870483,-0.0135768577456474
15,0,4,0.3031943738460541,0.4840518534183502,-0.0234732367098331
15,0,5,0.2334377914667129,0.5005056858062744,-0.0155766522511839
15,0,6,0.2369212508201599,0.4397494196891784,-0.029327854514122
15,0,7,0.2386048585176468,0.4030280709266662,-0.038403145968914
15,0,8,0.2381104081869125,0.3739303946495056,-0.0448043309152126
15,0,9,0.2455254644155502,0.5058326125144958,-0.0285733789205551
15,0,10,0.2464837431907653,0.4409655928611755,-0.0432003922760486
15,0,11,0.2501393258571625,0.3972747027873993,-0.0565040558576583
15,0,12,0.2519390881061554,0.362423837184906,-0.065841443836689
15,0,13,0.2619804441928863,0.5190922617912292,-0.0408838577568531
15,0,14,0.2732135951519012,0.4593757390975952,-0.0575236268341541
15,0,15,0.2809018194675445,0.418640673160553,-0.073179617524147
15,0,16,0.2847461700439453,0.3872107267379761,-0.0840765610337257
15,0,17,0.282905101776123,0.5382718443870544,-0.0520663857460022
15,0,18,0.2960553169250488,0.5090312361717224,-0.0666968524456024
15,0,19,0.3030846118927002,0.4989774525165558,-0.0730505064129829
15,0,20,0.3101198375225067,0.4951045513153076,-0.0772148594260215
15,0,24,0.6943622827529907,0.5245112776756287,-0.1341619044542312
15,0,25,0.777574896812439,0.8226214051246643,-0.2004335820674896
15,1,0,0.0,0.0,0.0
15,1,1,0.0,0.0,0.0
15,1,2,0.0,0.0,0.0
15,1,3,0.0,0.0,0.0
15,1,4,0.0,0.0,0.0
15,1,5,0.0,0.0,0.0
15,1,6,0.0,0.0,0.0
15,1,7,0.0,0.0,0.0
15,1,8,0.0,0.0,0.0
15,1,9,0.0,0.0,0.0
15,1,10,0.0,0.0,0.0
15,1,11,0.0,0.0,0.0
15,1,12,0.0,0.0,0.0
15,1,13,0.0,0.0,0.0
15,1,14,0.0,0.0,0.0
15,1,15,0.0,0.0,0.0
15,1,16,0.0,0.0,0.0
15,1,17,0.0,0.0,0.0
15,1,18,0.0,0.0,0.0
15,1,19,0.0,0.0,0.0
15,1,20,0.0,0.0,0.0
15,1,24,0.3320971429347992,0.5527303218841553,-0.1013854965567588
15,1,25,0.2680806219577789,0.891024649143219,-0.5611221790313721
16,0,0,0.2426868230104446,0.6201441884040833,2.60923258110779e-07
16,0,1,0.2557876110076904,0.5784389972686768,0.0059160841628909
16,0,2,0.2739731073379516,0.5339798331260681,0.0029565331060439
16,0,3,0.2946855425834656,0.5050991177558899,-0.0026097022928297
16,0,4,0.3065832555294037,0.4812942445278168,-0.0095481965690851
16,0,5,0.2415119707584381,0.4987504780292511,-0.0075274184346199
16,0,6,0.244287759065628,0.439563512802124,-0.0170356053858995
16,0,7,0.2447133064270019,0.4032684862613678,-0.022652668878436
16,0,8,0.2425789088010788,0.3754528760910034,-0.0269410237669944
16,0,9,0.2469952553510666,0.5020360350608826,-0.0218697562813758
16,0,10,0.2448714822530746,0.4366777837276459,-0.0355100855231285
16,0,11,0.2464274913072586,0.3945180773735046,-0.0467607639729976
16,0,12,0.246627390384674,0.3605528473854065,-0.053716629743576
16,0,13,0.2556056678295135,0.5121992826461792,-0.0353223346173763
16,0,14,0.2670430541038513,0.4513068199157715,-0.0523001439869403
16,0,15,0.2745468020439148,0.410914659500122,-0.0676853656768798
16,0,16,0.2787311673164367,0.3785797655582428,-0.0776319503784179
16,0,17,0.2690399289131164,0.5286635756492615,-0.0469961613416671
16,0,18,0.2781955897808075,0.5012082457542419,-0.0626286715269088
16,0,19,0.2832510769367218,0.497435450553894,-0.0688720569014549
16,0,20,0.2901063561439514,0.4994924068450928,-0.072143368422985
16,0,24,0.6935135126113892,0.5210907459259033,-0.1007376983761787
16,0,25,0.7794858813285828,0.821236252784729,-0.1602636575698852
16,1,0,0.0,0.0,0.0
16,1,1,0.0,0.0,0.0
16,1,2,0.0,0.0,0.0
16,1,3,0.0,0.0,0.0
16,1,4,0.0,0.0,0.0
16,1,5,0.0,0.0,0.0
16,1,6,0.0,0.0,0.0
16,1,7,0.0,0.0,0.0
16,1,8,0.0,0.0,0.0
16,1,9,0.0,0.0,0.0
16,1,10,0.0,0.0,0.0
16,1,11,0.0,0.0,0.0
16,1,12,0.0,0.0,0.0
16,1,13,0.0,0.0,0.0
16,1,14,0.0,0.0,0.0
16,1,15,0.0,0.0,0.0
16,1,16,0.0,0.0,0.0
16,1,17,0.0,0.0,0.0
16,1,18,0.0,0.0,0.0
16,1,19,0.0,0.0,0.0
16,1,20,0.0,0.0,0.0
16,1,24,0.3390547037124634,0.5422295331954956,-0.1015806943178176
16,1,25,0.2710924744606018,0.872262716293335,-0.5859106183052063
17,0,0,0.2500187158584595,0.6173166632652283,3.2352349421671533e-07
17,0,1,0.2572252154350281,0.589118480682373,-0.0171991679817438
17,0,2,0.2711987197399139,0.5466361045837402,-0.0254503581672906
17,0,3,0.2912594079971313,0.513014018535614,-0.0316839590668678
17,0,4,0.3057774305343628,0.487558901309967,-0.0382407680153846
17,0,5,0.2477101385593414,0.4973015487194061,-0.0208280459046363
17,0,6,0.2489567250013351,0.4388712644577026,-0.034086238592863
17,0,7,0.2474513351917266,0.4020806550979614,-0.0440732166171073
17,0,8,0.2436327636241912,0.3731361627578735,-0.0511441007256507
17,0,9,0.2563149631023407,0.4983732998371124,-0.0232287961989641
17,0,10,0.2565535306930542,0.4387637972831726,-0.0370117276906967
17,0,11,0.2546403110027313,0.3993072509765625,-0.0500927492976188
17,0,12,0.250198632478714,0.3659199476242065,-0.0588044449687004
17,0,13,0.2655102610588074,0.5089224576950073,-0.0269545204937458
17,0,14,0.2732509076595306,0.4564295411109924,-0.0426639914512634
17,0,15,0.2739613056182861,0.4213703572750091,-0.0558596663177013
17,0,16,0.272858202457428,0.3917204737663269,-0.0648208186030387
17,0,17,0.2745719850063324,0.5278882384300232,-0.0315950848162174
17,0,18,0.2833326458930969,0.5015107989311218,-0.0452369749546051
17,0,19,0.2853654623031616,0.4974762797355652,-0.0490232966840267
17,0,20,0.2885908186435699,0.4994787275791168,-0.0509545616805553
17,0,24,0.6987826228141785,0.5224658250808716,-0.1326045244932174
17,0,25,0.7810727953910828,0.8191142082214355,-0.219266265630722
17,1,0,0.0,0.0,0.0
17,1,1,0.0,0.0,0.0
17,1,2,0.0,0.0,0.0
17,1,3,0.0,0.0,0.0
17,1,4,0.0,0.0,0.0
17,1,5,0.0,0.0,0.0
17,1,6,0.0,0.0,0.0
17,1,7,0.0,0.0,0.0
17,1,8,0.0,0.0,0.0
17,1,9,0.0,0.0,0.0
17,1,10,0.0,0.0,0.0
17,1,11,0.0,0.0,0.0
17,1,12,0.0,0.0,0.0
17,1,13,0.0,0.0,0.0
17,1,14,0.0,0.0,0.0
17,1,15,0.0,0.0,0.0
17,1,16,0.0,0.0,0.0
17,1,17,0.0,0.0,0.0
17,1,18,0.0,0.0,0.0
17,1,19,0.0,0.0,0.0
17,1,20,0.0,0.0,0.0
17,1,24,0.3334826827049255,0.5462132096290588,-0.1172616332769393
17,1,25,0.2710510790348053,0.8762720823287964,-0.6003403663635254
19,0,0,0.2459207326173782,0.6113681793212891,2.183036258429638e-07
19,0,1,0.2471044063568115,0.5696130394935608,0.0055593773722648
19,0,2,0.2653584778308868,0.5251111388206482,0.0037222001701593
19,0,3,0.2931048274040222,0.4998804628849029,3.838464908767492e-05
19,0,4,0.3127330243587494,0.4806797206401825,-0.0048915189690887
19,0,5,0.2379394173622131,0.4974996447563171,-0.008036826737225
19,0,6,0.2385362237691879,0.4385596215724945,-0.0156538542360067
19,0,7,0.2377009391784668,0.4035039246082306,-0.0190484523773193
19,0,8,0.2340017259120941,0.3768528401851654,-0.0218484532088041
19,0,9,0.2520354688167572,0.5006666779518127,-0.0221136063337326
19,0,10,0.2506918311119079,0.4348835945129394,-0.0357697792351245
19,0,11,0.2514755725860595,0.3935548961162567,-0.0465211756527423
19,0,12,0.2492178529500961,0.3601939082145691,-0.0527746826410293
19,0,13,0.2683795988559723,0.510103166103363,-0.0352183356881141
19,0,14,0.2819031178951263,0.4493572413921356,-0.053487055003643
19,0,15,0.2885744273662567,0.4096534550189972,-0.0692989453673362
19,0,16,0.2912706136703491,0.3770289421081543,-0.0787955150008201
19,0,17,0.2889326512813568,0.5266757607460022,-0.0462795607745647
19,0,18,0.2985501885414123,0.4939917922019958,-0.061063427478075
19,0,19,0.2987428605556488,0.4967980682849884,-0.0647862553596496
19,0,20,0.3010012805461883,0.5064869523048401,-0.0663961172103881
19,0,24,0.6942159533500671,0.5225464105606079,-0.1550361514091491
19,0,25,0.7809043526649475,0.821190357208252,-0.2452121078968048
19,1,0,0.0,0.0,0.0
19,1,1,0.0,0.0,0.0
19,1,2,0.0,0.0,0.0
19,1,3,0.0,0.0,0.0
19,1,4,0.0,0.0,0.0
19,1,5,0.0,0.0,0.0
19,1,6,0.0,0.0,0.0
19,1,7,0.0,0.0,0.0
19,1,8,0.0,0.0,0.0
19,1,9,0.0,0.0,0.0
19,1,10,0.0,0.0,0.0
19,1,11,0.0,0.0,0.0
19,1,12,0.0,0.0,0.0
19,1,13,0.0,0.0,0.0
19,1,14,0.0,0.0,0.0
19,1,15,0.0,0.0,0.0
19,1,16,0.0,0.0,0.0
19,1,17,0.0,0.0,0.0
19,1,18,0.0,0.0,0.0
19,1,19,0.0,0.0,0.0
19,1,20,0.0,0.0,0.0
19,1,24,0.3349955976009369,0.5406558513641357,-0.1196203455328941
19,1,25,0.2689383327960968,0.8719138503074646,-0.5856092572212219
21,0,0,0.2415667921304702,0.6099937558174133,1.963229863122251e-07
21,0,1,0.2350463569164276,0.5606712698936462,0.0115927131846547
21,0,2,0.2532240450382232,0.5153306126594543,0.0123395519331097
21,0,3,0.2864271700382232,0.4960997998714447,0.0100453905761241
21,0,4,0.3113811910152435,0.4838719666004181,0.0065058697946369
21,0,5,0.2340292036533355,0.4957607984542846,-0.002066914923489
21,0,6,0.2376838475465774,0.4370625019073486,-0.0084510128945112
21,0,7,0.2384946346282959,0.4027387201786041,-0.0111697735264897
21,0,8,0.2363108694553375,0.3761613070964813,-0.0131307346746325
21,0,9,0.2506204843521118,0.4999393820762634,-0.0180561635643243
21,0,10,0.250606507062912,0.4349114298820495,-0.0298776924610137
21,0,11,0.2522354125976562,0.3933009505271911,-0.0392355695366859
21,0,12,0.2505160868167877,0.3597409129142761,-0.0445661731064319
21,0,13,0.2699758112430572,0.5091028809547424,-0.0326922573149204
21,0,14,0.2852784097194671,0.4473573863506317,-0.050459835678339
21,0,15,0.2924940586090088,0.4077710509300232,-0.0658636838197708
21,0,16,0.2937071323394775,0.3756980895996094,-0.0742610543966293
21,0,17,0.294789046049118,0.5247915983200073,-0.0446673259139061
21,0,18,0.3056125938892364,0.4848843216896057,-0.056317251175642
21,0,19,0.3049039840698242,0.4901199340820312,-0.0569599606096744
21,0,20,0.3039039671421051,0.5039998292922974,-0.0564279966056346
21,0,24,0.6941198110580444,0.5170988440513611,-0.0979849994182586
21,0,25,0.7806262969970703,0.8194843530654907,-0.1736351400613784
21,1,0,0.0,0.0,0.0
21,1,1,0.0,0.0,0.0
21,1,2,0.0,0.0,0.0
21,1,3,0.0,0.0,0.0
21,1,4,0.0,0.0,0.0
21,1,5,0.0,0.0,0.0
21,1,6,0.0,0.0,0.0
21,1,7,0.0,0.0,0.0
21,1,8,0.0,0.0,0.0
21,1,9,0.0,0.0,0.0
21,1,10,0.0,0.0,0.0
21,1,11,0.0,0.0,0.0
21,1,12,0.0,0.0,0.0
21,1,13,0.0,0.0,0.0
21,1,14,0.0,0.0,0.0
21,1,15,0.0,0.0,0.0
21,1,16,0.0,0.0,0.0
21,1,17,0.0,0.0,0.0
21,1,18,0.0,0.0,0.0
21,1,19,0.0,0.0,0.0
21,1,20,0.0,0.0,0.0
21,1,24,0.3358958661556244,0.5452198386192322,-0.094318151473999
21,1,25,0.2748531401157379,0.8846216201782227,-0.5613335371017456
22,0,0,0.2460237145423889,0.6172473430633545,3.297870136975689e-07
22,0,1,0.257148265838623,0.5813470482826233,-0.0041519412770867
22,0,2,0.2762729227542877,0.536956250667572,-0.0102056916803121
22,0,3,0.2977327406406402,0.5036740303039551,-0.0180609915405511
22,0,4,0.3118989765644073,0.4806361496448517,-0.0260639246553182
22,0,5,0.252230703830719,0.4971362352371216,-0.0161795951426029
22,0,6,0.2543745934963226,0.436268001794815,-0.0300512444227933
22,0,7,0.2527705430984497,0.4001692831516266,-0.0373277850449085
22,0,8,0.2485480606555938,0.3712483048439026,-0.0409388579428195
22,0,9,0.2589970231056213,0.499340683221817,-0.0249744933098554
22,0,10,0.2600845694541931,0.4342157542705536,-0.040205992758274
22,0,11,0.2600223124027252,0.393802672624588,-0.0503056198358535
22,0,12,0.2582919299602508,0.3616106808185577,-0.0556933805346488
22,0,13,0.2647367417812347,0.5106662511825562,-0.0334724076092243
22,0,14,0.2766799032688141,0.4703806936740875,-0.0516033843159675
22,0,15,0.2708165645599365,0.4778761863708496,-0.0565598830580711
22,0,16,0.2619766891002655,0.4863737523555755,-0.0555216334760189
22,0,17,0.269680917263031,0.527725100517273,-0.0418910756707191
22,0,18,0.2719741463661194,0.5023968815803528,-0.0534508153796196
22,0,19,0.2673084735870361,0.5089613795280457,-0.0522668249905109
22,0,20,0.2637147009372711,0.519324541091919,-0.0485324449837207
22,0,24,0.6907329559326172,0.518121600151062,-0.1841460764408111
22,0,25,0.7775753736495972,0.8101950287818909,-0.2551863193511963
22,1,0,0.0,0.0,0.0
22,1,1,0.0,0.0,0.0
22,1,2,0.0,0.0,0.0
22,1,3,0.0,0.0,0.0
22,1,4,0.0,0.0,0.0
22,1,5,0.0,0.0,0.0
22,1,6,0.0,0.0,0.0
22,1,7,0.0,0.0,0.0
22,1,8,0.0,0.0,0.0
22,1,9,0.0,0.0,0.0
22,1,10,0.0,0.0,0.0
22,1,11,0.0,0.0,0.0
22,1,12,0.0,0.0,0.0
22,1,13,0.0,0.0,0.0
22,1,14,0.0,0.0,0.0
22,1,15,0.0,0.0,0.0
22,1,16,0.0,0.0,0.0
22,1,17,0.0,0.0,0.0
22,1,18,0.0,0.0,0.0
22,1,19,0.0,0.0,0.0
22,1,20,0.0,0.0,0.0
22,1,24,0.3333275914192199,0.5365872383117676,-0.1510206013917923
22,1,25,0.2678535878658294,0.87119060754776,-0.6111307144165039
23,0,0,0.2442415654659271,0.6170876026153564,2.653733304214257e-07
23,0,1,0.2543911635875702,0.5769778490066528,0.0037392380181699
23,0,2,0.2729971706867218,0.5345998406410217,0.0007283367449417
23,0,3,0.2943427264690399,0.5068032741546631,-0.0039463471621274
23,0,4,0.3082248568534851,0.4854714572429657,-0.0101772276684641
23,0,5,0.2439709603786468,0.4990836679935455,-0.0093509349972009
23,0,6,0.2453465610742569,0.4387702941894531,-0.0177868381142616
23,0,7,0.2447922825813293,0.4026769995689392,-0.0223950035870075
23,0,8,0.2410430163145065,0.3745701313018799,-0.0258598644286394
23,0,9,0.2521516978740692,0.502447783946991,-0.0220669340342283
23,0,10,0.2527112066745758,0.4360088407993316,-0.0348274894058704
23,0,11,0.253585934638977,0.3938180208206177,-0.045316319912672
23,0,12,0.25209841132164,0.3598692417144775,-0.0514423437416553
23,0,13,0.2621613442897796,0.5135107636451721,-0.0337702259421348
23,0,14,0.2783108651638031,0.4532689452171325,-0.0502122119069099
23,0,15,0.2840650081634521,0.4126164317131042,-0.0650229826569557
23,0,16,0.2866500318050384,0.3799055814743042,-0.0743747130036354
23,0,17,0.2750877141952514,0.5320737957954407,-0.043795321136713
23,0,18,0.2859727442264557,0.5042456388473511,-0.0583620220422744
23,0,19,0.2874163389205932,0.5060683488845825,-0.0622850060462951
23,0,20,0.2915600836277008,0.5141777992248535,-0.0637908950448036
23,0,24,0.6950878500938416,0.5193533301353455,-0.1740049570798874
23,0,25,0.7796919345855713,0.8172082901000977,-0.2144149839878082
23,1,0,0.0,0.0,0.0
23,1,1,0.0,0.0,0.0
23,1,2,0.0,0.0,0.0
23,1,3,0.0,0.0,0.0
23,1,4,0.0,0.0,0.0
23,1,5,0.0,0.0,0.0
23,1,6,0.0,0.0,0.0
23,1,7,0.0,0.0,0.0
23,1,8,0.0,0.0,0.0
23,1,9,0.0,0.0,0.0
23,1,10,0.0,0.0,0.0
23,1,11,0.0,0.0,0.0
23,1,12,0.0,0.0,0.0
23,1,13,0.0,0.0,0.0
23,1,14,0.0,0.0,0.0
23,1,15,0.0,0.0,0.0
23,1,16,0.0,0.0,0.0
23,1,17,0.0,0.0,0.0
23,1,18,0.0,0.0,0.0
23,1,19,0.0,0.0,0.0
23,1,20,0.0,0.0,0.0
23,1,24,0.3358176648616791,0.5482773780822754,-0.1266924142837524
23,1,25,0.2728922665119171,0.8808687925338745,-0.5799095630645752
24,0,0,0.2446553409099578,0.6184888482093811,2.296025485293285e-07
24,0,1,0.2551777064800262,0.5841161608695984,-0.0023935711942613
24,0,2,0.2720513939857483,0.5392839312553406,-0.0054931286722421
24,0,3,0.2929394245147705,0.510114312171936,-0.0094502056017518
24,0,4,0.3066645860671997,0.4873519539833069,-0.0146657722070813
24,0,5,0.2446742951869964,0.4966589212417602,-0.0085971131920814
24,0,6,0.2438349276781082,0.4397997558116913,-0.0175916291773319
24,0,7,0.2424462139606475,0.4051872789859772,-0.0241539627313613
24,0,8,0.2384846806526184,0.3768268823623657,-0.0295152980834245
24,0,9,0.2532212138175964,0.4990321099758148,-0.0189601778984069
24,0,10,0.2499307543039322,0.436677873134613,-0.0321226008236408
24,0,11,0.2500931918621063,0.3967742621898651,-0.0445775017142295
24,0,12,0.2477330863475799,0.3626340627670288,-0.0527193546295166
24,0,13,0.2632981240749359,0.5097064971923828,-0.0294825043529272
24,0,14,0.2767210900783539,0.4523190557956695,-0.0474081337451934
24,0,15,0.2855865359306335,0.4134378433227539,-0.0633450224995613
24,0,16,0.2902712225914001,0.3804116249084472,-0.0735721364617347
24,0,17,0.2759982943534851,0.5281338095664978,-0.039017666131258
24,0,18,0.286833107471466,0.4978074431419372,-0.0546746924519538
24,0,19,0.2917055189609527,0.497597187757492,-0.0589190982282161
24,0,20,0.2970333695411682,0.5041534900665283,-0.0610072240233421
24,0,24,0.6949478983879089,0.520380437374115,-0.1764790564775467
24,0,25,0.7801964282989502,0.8147375583648682,-0.2075552344322204
24,1,0,0.0,0.0,0.0
24,1,1,0.0,0.0,0.0
24,1,2,0.0,0.0,0.0
24,1,3,0.0,0.0,0.0
24,1,4,0.0,0.0,0.0
24,1,5,0.0,0.0,0.0
24,1,6,0.0,0.0,0.0
24,1,7,0.0,0.0,0.0
24,1,8,0.0,0.0,0.0
24,1,9,0.0,0.0,0.0
24,1,10,0.0,0.0,0.0
24,1,11,0.0,0.0,0.0
24,1,12,0.0,0.0,0.0
24,1,13,0.0,0.0,0.0
24,1,14,0.0,0.0,0.0
24,1,15,0.0,0.0,0.0
24,1,16,0.0,0.0,0.0
24,1,17,0.0,0.0,0.0
24,1,18,0.0,0.0,0.0
24,1,19,0.0,0.0,0.0
24,1,20,0.0,0.0,0.0
24,1,24,0.3378229141235351,0.5440090298652649,-0.1447144448757171
24,1,25,0.277552992105484,0.8778061866760254,-0.634092390537262
