Frame,Hand,Landmark,X,Y,Z
1,0,0,0.7966164946556091,0.3628159761428833,-1.0417376472560137e-07
1,0,1,0.7756767272949219,0.3541776239871979,-0.0133614121004939
1,0,2,0.7596332430839539,0.3319529891014099,-0.0205868743360042
1,0,3,0.7621150612831116,0.3099434971809387,-0.0271477606147527
1,0,4,0.7713987827301025,0.2958954274654388,-0.0312656164169311
1,0,5,0.7526072859764099,0.2943917214870453,-0.0061327707953751
1,0,6,0.7551290392875671,0.2656630277633667,-0.0251191090792417
1,0,7,0.7659180760383606,0.2632646858692169,-0.0374434143304824
1,0,8,0.7743651270866394,0.2707403600215912,-0.0430850200355052
1,0,9,0.7713708877563477,0.2931934595108032,-0.0060683600604534
1,0,10,0.7854012250900269,0.2801870107650757,-0.0265421345829963
1,0,11,0.7884359955787659,0.3062814772129059,-0.0316669791936874
1,0,12,0.7829875349998474,0.3177738487720489,-0.0302676782011985
1,0,13,0.7898720502853394,0.293498694896698,-0.0092911031097173
1,0,14,0.8029466867446899,0.2885468602180481,-0.0283525865525007
1,0,15,0.8011428713798523,0.3113682866096496,-0.0249190349131822
1,0,16,0.7942414879798889,0.3176457583904266,-0.01799001917243
1,0,17,0.8077879548072815,0.2971939742565155,-0.0139509579166769
1,0,18,0.8184170722961426,0.2946524322032928,-0.0258015915751457
1,0,19,0.8155551552772522,0.3122214376926422,-0.0221646893769502
1,0,20,0.8081735968589783,0.3174255192279815,-0.0164264272898435
1,1,0,0.0,0.0,0.0
1,1,1,0.0,0.0,0.0
1,1,2,0.0,0.0,0.0
1,1,3,0.0,0.0,0.0
1,1,4,0.0,0.0,0.0
1,1,5,0.0,0.0,0.0
1,1,6,0.0,0.0,0.0
1,1,7,0.0,0.0,0.0
1,1,8,0.0,0.0,0.0
1,1,9,0.0,0.0,0.0
1,1,10,0.0,0.0,0.0
1,1,11,0.0,0.0,0.0
1,1,12,0.0,0.0,0.0
1,1,13,0.0,0.0,0.0
1,1,14,0.0,0.0,0.0
1,1,15,0.0,0.0,0.0
1,1,16,0.0,0.0,0.0
1,1,17,0.0,0.0,0.0
1,1,18,0.0,0.0,0.0
1,1,19,0.0,0.0,0.0
1,1,20,0.0,0.0,0.0
3,0,0,0.7960978150367737,0.3604395985603332,-2.7011115122377305e-08
3,0,1,0.7758470177650452,0.3508712351322174,-0.0130238914862275
3,0,2,0.7609069347381592,0.3317081332206726,-0.020235076546669
3,0,3,0.7630714178085327,0.3103279173374176,-0.0269788820296525
3,0,4,0.7688124775886536,0.2939622700214386,-0.0318244323134422
3,0,5,0.7515528202056885,0.2942225337028503,-0.0057395282201468
3,0,6,0.7539569139480591,0.2653289437294006,-0.0236349888145923
3,0,7,0.7662854790687561,0.2626632750034332,-0.0363456234335899
3,0,8,0.7750609517097473,0.2708280086517334,-0.0421495959162712
3,0,9,0.7702930569648743,0.2920106947422027,-0.0056098685599863
3,0,10,0.776265025138855,0.269929438829422,-0.022386647760868
3,0,11,0.7821040153503418,0.286837488412857,-0.0289364177733659
3,0,12,0.7798683047294617,0.2996111810207367,-0.0295187626034021
3,0,13,0.7890894412994385,0.2925148606300354,-0.0084768375381827
3,0,14,0.7991312742233276,0.2847267687320709,-0.0257390812039375
3,0,15,0.7981526255607605,0.3064576685428619,-0.0241970866918563
3,0,16,0.792816698551178,0.3174583613872528,-0.01848816126585
3,0,17,0.8075409531593323,0.2972915470600128,-0.0126364836469292
3,0,18,0.8156780004501343,0.2914804518222809,-0.0232804398983716
3,0,19,0.8131306767463684,0.308159589767456,-0.019941508769989
3,0,20,0.806889533996582,0.3168113231658935,-0.0144818862900137
3,1,0,0.0,0.0,0.0
3,1,1,0.0,0.0,0.0
3,1,2,0.0,0.0,0.0
3,1,3,0.0,0.0,0.0
3,1,4,0.0,0.0,0.0
3,1,5,0.0,0.0,0.0
3,1,6,0.0,0.0,0.0
3,1,7,0.0,0.0,0.0
3,1,8,0.0,0.0,0.0
3,1,9,0.0,0.0,0.0
3,1,10,0.0,0.0,0.0
3,1,11,0.0,0.0,0.0
3,1,12,0.0,0.0,0.0
3,1,13,0.0,0.0,0.0
3,1,14,0.0,0.0,0.0
3,1,15,0.0,0.0,0.0
3,1,16,0.0,0.0,0.0
3,1,17,0.0,0.0,0.0
3,1,18,0.0,0.0,0.0
3,1,19,0.0,0.0,0.0
3,1,20,0.0,0.0,0.0
5,0,0,0.7980618476867676,0.361380934715271,7.185526129660502e-08
5,0,1,0.7789313197135925,0.35064697265625,-0.0131243150681257
5,0,2,0.765045166015625,0.3290211260318756,-0.0179049726575613
5,0,3,0.7660934329032898,0.3072124123573303,-0.0218504555523395
5,0,4,0.767945408821106,0.2913592159748077,-0.024583201855421
5,0,5,0.7501113414764404,0.2952966392040252,-0.0032781939953565
5,0,6,0.7500858902931213,0.2772024273872375,-0.0168753713369369
5,0,7,0.7556718587875366,0.2630722224712372,-0.026880906894803
5,0,8,0.7591298222541809,0.2532463371753692,-0.0324113816022872
5,0,9,0.7678800225257874,0.2903212904930115,-0.0036871319171041
5,0,10,0.7693056464195251,0.2629682123661041,-0.0190904568880796
5,0,11,0.7737241983413696,0.2647590339183807,-0.0258161965757608
5,0,12,0.7725402116775513,0.2660093903541565,-0.0262101124972105
5,0,13,0.7864676117897034,0.2898464500904083,-0.0066031082533299
5,0,14,0.7958698272705078,0.2799180150032043,-0.0260227397084236
5,0,15,0.7970550656318665,0.3014892041683197,-0.0260694250464439
5,0,16,0.7925505042076111,0.3112951219081878,-0.0199198499321937
5,0,17,0.8041266798973083,0.295135498046875,-0.0105266915634274
5,0,18,0.8127642273902893,0.2878371775150299,-0.0231424644589424
5,0,19,0.8115832805633545,0.3045192360877991,-0.0203959606587886
5,0,20,0.806038498878479,0.3130636513233185,-0.0146375522017478
5,1,0,0.0,0.0,0.0
5,1,1,0.0,0.0,0.0
5,1,2,0.0,0.0,0.0
5,1,3,0.0,0.0,0.0
5,1,4,0.0,0.0,0.0
5,1,5,0.0,0.0,0.0
5,1,6,0.0,0.0,0.0
5,1,7,0.0,0.0,0.0
5,1,8,0.0,0.0,0.0
5,1,9,0.0,0.0,0.0
5,1,10,0.0,0.0,0.0
5,1,11,0.0,0.0,0.0
5,1,12,0.0,0.0,0.0
5,1,13,0.0,0.0,0.0
5,1,14,0.0,0.0,0.0
5,1,15,0.0,0.0,0.0
5,1,16,0.0,0.0,0.0
5,1,17,0.0,0.0,0.0
5,1,18,0.0,0.0,0.0
5,1,19,0.0,0.0,0.0
5,1,20,0.0,0.0,0.0
6,0,0,0.799561619758606,0.3570678234100342,1.819560146998356e-08
6,0,1,0.7817509174346924,0.3523624837398529,-0.0173730608075857
6,0,2,0.7671286463737488,0.3310383856296539,-0.0262012034654617
6,0,3,0.7671875953674316,0.3087374866008758,-0.03377241268754
6,0,4,0.7668701410293579,0.292660653591156,-0.0397501327097415
6,0,5,0.7537148594856262,0.2943275272846222,-0.0122543899342417
6,0,6,0.7528930902481079,0.2627149522304535,-0.0290645845234394
6,0,7,0.7635819315910339,0.2459399104118347,-0.040300291031599
6,0,8,0.7748298048973083,0.2360143661499023,-0.0462475307285785
6,0,9,0.7714337110519409,0.2928885221481323,-0.0100488802418112
6,0,10,0.7841400504112244,0.2793553173542022,-0.030913608148694
6,0,11,0.7891731262207031,0.3020066916942596,-0.0359283201396465
6,0,12,0.7866765260696411,0.3136787414550781,-0.0343304201960563
6,0,13,0.7889254093170166,0.2926212847232818,-0.0105900270864367
6,0,14,0.8002525568008423,0.2838678956031799,-0.0298166293650865
6,0,15,0.8019117712974548,0.3052782416343689,-0.0258144568651914
6,0,16,0.7974427938461304,0.3148816525936126,-0.0183225572109222
6,0,17,0.8046890497207642,0.2949329912662506,-0.0128852939233183
6,0,18,0.8149601221084595,0.2880082130432129,-0.026021433994174
6,0,19,0.8155128955841064,0.3046943843364715,-0.022393561899662
6,0,20,0.8109540343284607,0.3130863606929779,-0.0160587225109338
6,1,0,0.0,0.0,0.0
6,1,1,0.0,0.0,0.0
6,1,2,0.0,0.0,0.0
6,1,3,0.0,0.0,0.0
6,1,4,0.0,0.0,0.0
6,1,5,0.0,0.0,0.0
6,1,6,0.0,0.0,0.0
6,1,7,0.0,0.0,0.0
6,1,8,0.0,0.0,0.0
6,1,9,0.0,0.0,0.0
6,1,10,0.0,0.0,0.0
6,1,11,0.0,0.0,0.0
6,1,12,0.0,0.0,0.0
6,1,13,0.0,0.0,0.0
6,1,14,0.0,0.0,0.0
6,1,15,0.0,0.0,0.0
6,1,16,0.0,0.0,0.0
6,1,17,0.0,0.0,0.0
6,1,18,0.0,0.0,0.0
6,1,19,0.0,0.0,0.0
6,1,20,0.0,0.0,0.0
8,0,0,0.7963489294052124,0.3609336912631988,-2.0676649725714924e-08
8,0,1,0.7788069248199463,0.3521175980567932,-0.0168380420655012
8,0,2,0.7651715874671936,0.3307825624942779,-0.0262127630412578
8,0,3,0.7674562931060791,0.3099347949028015,-0.0345281288027763
8,0,4,0.7687285542488098,0.2910484075546264,-0.0414813086390495
8,0,5,0.7539008259773254,0.2870664000511169,-0.0150159457698464
8,0,6,0.7564859390258789,0.251953125,-0.0301032401621341
8,0,7,0.7642475366592407,0.2306638956069946,-0.0398299358785152
8,0,8,0.7715712189674377,0.210982546210289,-0.0462665557861328
8,0,9,0.7731202840805054,0.285942941904068,-0.0138800591230392
8,0,10,0.7874212861061096,0.2768155038356781,-0.0348436944186687
8,0,11,0.7883443832397461,0.303418904542923,-0.0392502173781394
8,0,12,0.7830074429512024,0.314479261636734,-0.0381398387253284
8,0,13,0.7919116616249084,0.2876108884811401,-0.0150309475138783
8,0,14,0.8050433993339539,0.2828682363033294,-0.0340637750923633
8,0,15,0.8024779558181763,0.3065634071826935,-0.0289577338844537
8,0,16,0.7951631546020508,0.3139753341674804,-0.021706398576498
8,0,17,0.8086704015731812,0.2927239835262298,-0.0178803000599145
8,0,18,0.8196155428886414,0.287658154964447,-0.0297031980007886
8,0,19,0.8161821365356445,0.3066616058349609,-0.0246735885739326
8,0,20,0.8087101578712463,0.3139431774616241,-0.0183612760156393
8,1,0,0.0,0.0,0.0
8,1,1,0.0,0.0,0.0
8,1,2,0.0,0.0,0.0
8,1,3,0.0,0.0,0.0
8,1,4,0.0,0.0,0.0
8,1,5,0.0,0.0,0.0
8,1,6,0.0,0.0,0.0
8,1,7,0.0,0.0,0.0
8,1,8,0.0,0.0,0.0
8,1,9,0.0,0.0,0.0
8,1,10,0.0,0.0,0.0
8,1,11,0.0,0.0,0.0
8,1,12,0.0,0.0,0.0
8,1,13,0.0,0.0,0.0
8,1,14,0.0,0.0,0.0
8,1,15,0.0,0.0,0.0
8,1,16,0.0,0.0,0.0
8,1,17,0.0,0.0,0.0
8,1,18,0.0,0.0,0.0
8,1,19,0.0,0.0,0.0
8,1,20,0.0,0.0,0.0
11,0,0,0.8000124096870422,0.3584704995155334,-8.880582491599398e-09
11,0,1,0.7825189828872681,0.3527413308620453,-0.0178272947669029
11,0,2,0.7693499326705933,0.3298368453979492,-0.0274243745952844
11,0,3,0.7709264755249023,0.3069740533828735,-0.0356380157172679
11,0,4,0.7665454149246216,0.2897460460662842,-0.0425519570708274
11,0,5,0.7571976780891418,0.2867654263973236,-0.0184875018894672
11,0,6,0.7602138519287109,0.247466504573822,-0.0351021401584148
11,0,7,0.7665613293647766,0.2226317226886749,-0.0453308671712875
11,0,8,0.7709211707115173,0.1991773247718811,-0.0522343702614307
11,0,9,0.7756044268608093,0.2859148681163788,-0.0172196272760629
11,0,10,0.7922662496566772,0.2762376070022583,-0.0396856106817722
11,0,11,0.794745683670044,0.3049051165580749,-0.0434088036417961
11,0,12,0.7879925966262817,0.3143500685691833,-0.0417424142360687
11,0,13,0.7941033244132996,0.2875706553459167,-0.0181741435080766
11,0,14,0.8087477087974548,0.2821824252605438,-0.039153303951025
11,0,15,0.8072667717933655,0.3083416521549225,-0.032809168100357
11,0,16,0.7983089685440063,0.3146337866783142,-0.0245962999761104
11,0,17,0.810451328754425,0.2921047806739807,-0.0208500139415264
11,0,18,0.8231661319732666,0.2880769670009613,-0.0346175730228424
11,0,19,0.8215210437774658,0.3089033961296081,-0.0292974021285772
11,0,20,0.8133398294448853,0.3158935904502868,-0.0225422792136669
11,1,0,0.0,0.0,0.0
11,1,1,0.0,0.0,0.0
11,1,2,0.0,0.0,0.0
11,1,3,0.0,0.0,0.0
11,1,4,0.0,0.0,0.0
11,1,5,0.0,0.0,0.0
11,1,6,0.0,0.0,0.0
11,1,7,0.0,0.0,0.0
11,1,8,0.0,0.0,0.0
11,1,9,0.0,0.0,0.0
11,1,10,0.0,0.0,0.0
11,1,11,0.0,0.0,0.0
11,1,12,0.0,0.0,0.0
11,1,13,0.0,0.0,0.0
11,1,14,0.0,0.0,0.0
11,1,15,0.0,0.0,0.0
11,1,16,0.0,0.0,0.0
11,1,17,0.0,0.0,0.0
11,1,18,0.0,0.0,0.0
11,1,19,0.0,0.0,0.0
11,1,20,0.0,0.0,0.0
14,0,0,0.8002114295959473,0.3589239716529846,-2.4367354356513715e-08
14,0,1,0.7836955189704895,0.3516765832901001,-0.01804980635643
14,0,2,0.7719218134880066,0.3289478123188019,-0.0282371751964092
14,0,3,0.7755376696586609,0.3062408864498138,-0.0371287167072296
14,0,4,0.773159921169281,0.2882634103298187,-0.0445554181933403
14,0,5,0.7617506980895996,0.2840013206005096,-0.0185369811952114
14,0,6,0.7649285197257996,0.2459664344787597,-0.035044502466917
14,0,7,0.7711624503135681,0.2212819457054138,-0.0450421385467052
14,0,8,0.7762190103530884,0.1981838047504425,-0.0517381504178047
14,0,9,0.7797176241874695,0.282506912946701,-0.0170214399695396
14,0,10,0.7971676588058472,0.2771212756633758,-0.0397796891629695
14,0,11,0.7978411316871643,0.3052517175674438,-0.0438162721693515
14,0,12,0.791175127029419,0.3146092593669891,-0.0422017388045787
14,0,13,0.7976495623588562,0.2847984433174133,-0.0177030824124813
14,0,14,0.8132227063179016,0.2835844159126282,-0.0387655906379222
14,0,15,0.8103199601173401,0.3088698387145996,-0.033077023923397
14,0,16,0.8018978238105774,0.3148295283317566,-0.0250842049717903
14,0,17,0.8137003779411316,0.2906871140003204,-0.0201511606574058
14,0,18,0.8258435130119324,0.2904323041439056,-0.0336770191788673
14,0,19,0.8225853443145752,0.310651570558548,-0.0289557296782732
14,0,20,0.8146381974220276,0.3165985941886902,-0.0224667489528656
14,1,0,0.0,0.0,0.0
14,1,1,0.0,0.0,0.0
14,1,2,0.0,0.0,0.0
14,1,3,0.0,0.0,0.0
14,1,4,0.0,0.0,0.0
14,1,5,0.0,0.0,0.0
14,1,6,0.0,0.0,0.0
14,1,7,0.0,0.0,0.0
14,1,8,0.0,0.0,0.0
14,1,9,0.0,0.0,0.0
14,1,10,0.0,0.0,0.0
14,1,11,0.0,0.0,0.0
14,1,12,0.0,0.0,0.0
14,1,13,0.0,0.0,0.0
14,1,14,0.0,0.0,0.0
14,1,15,0.0,0.0,0.0
14,1,16,0.0,0.0,0.0
14,1,17,0.0,0.0,0.0
14,1,18,0.0,0.0,0.0
14,1,19,0.0,0.0,0.0
14,1,20,0.0,0.0,0.0
17,0,0,0.800480842590332,0.3591915369033813,-3.56596814299337e-08
17,0,1,0.7832433581352234,0.350984126329422,-0.0164719056338071
17,0,2,0.7714042067527771,0.3297912776470184,-0.0263563264161348
17,0,3,0.7748239040374756,0.3092786967754364,-0.0353237316012382
17,0,4,0.7753068208694458,0.2915898859500885,-0.0428200736641883
17,0,5,0.7629485726356506,0.2838219702243805,-0.017157893627882
17,0,6,0.7664841413497925,0.2467544674873352,-0.0320724062621593
17,0,7,0.7720165848731995,0.2229208052158355,-0.0415592789649963
17,0,8,0.776498556137085,0.2011980712413787,-0.0482223145663738
17,0,9,0.7805497050285339,0.2821046113967895,-0.0163542572408914
17,0,10,0.7967861294746399,0.2778821289539337,-0.0374769754707813
17,0,11,0.7977286577224731,0.3038205206394195,-0.0424050390720367
17,0,12,0.7918283343315125,0.3146015107631683,-0.0419335030019283
17,0,13,0.798393726348877,0.2846637070178985,-0.0174350943416357
17,0,14,0.8128779530525208,0.2832442224025726,-0.0365035012364387
17,0,15,0.8103058934211731,0.3067075312137604,-0.0318681001663208
17,0,16,0.8029390573501587,0.3140950500965118,-0.0249956808984279
17,0,17,0.8147463202476501,0.290518045425415,-0.0201872456818819
17,0,18,0.8266758322715759,0.2884770035743713,-0.0319915860891342
17,0,19,0.824112057685852,0.3067207038402557,-0.0275902673602104
17,0,20,0.8175545334815979,0.3132141828536987,-0.0216800589114427
17,1,0,0.0,0.0,0.0
17,1,1,0.0,0.0,0.0
17,1,2,0.0,0.0,0.0
17,1,3,0.0,0.0,0.0
17,1,4,0.0,0.0,0.0
17,1,5,0.0,0.0,0.0
17,1,6,0.0,0.0,0.0
17,1,7,0.0,0.0,0.0
17,1,8,0.0,0.0,0.0
17,1,9,0.0,0.0,0.0
17,1,10,0.0,0.0,0.0
17,1,11,0.0,0.0,0.0
17,1,12,0.0,0.0,0.0
17,1,13,0.0,0.0,0.0
17,1,14,0.0,0.0,0.0
17,1,15,0.0,0.0,0.0
17,1,16,0.0,0.0,0.0
17,1,17,0.0,0.0,0.0
17,1,18,0.0,0.0,0.0
17,1,19,0.0,0.0,0.0
17,1,20,0.0,0.0,0.0
18,0,0,0.8008522987365723,0.3611384332180023,-3.0807332240812e-09
18,0,1,0.7837091684341431,0.3521055281162262,-0.0194803047925233
18,0,2,0.7717304825782776,0.3296564221382141,-0.0296120345592498
18,0,3,0.7753154635429382,0.308129608631134,-0.0381492972373962
18,0,4,0.7757350206375122,0.2905410230159759,-0.0451534502208232
18,0,5,0.763435423374176,0.28471240401268,-0.0179144218564033
18,0,6,0.7667114734649658,0.2509591281414032,-0.0337736532092094
18,0,7,0.7715818881988525,0.2295771688222885,-0.0434106327593326
18,0,8,0.7751587629318237,0.2085497975349426,-0.0498654656112194
18,0,9,0.7813111543655396,0.283069759607315,-0.016008960083127
18,0,10,0.7937955856323242,0.2715137600898742,-0.0372198149561882
18,0,11,0.7954282164573669,0.2932268381118774,-0.0425453074276447
18,0,12,0.7910376191139221,0.2986612319946289,-0.04190419241786
18,0,13,0.7992144823074341,0.2855115532875061,-0.0164452381432056
18,0,14,0.8110626339912415,0.282112717628479,-0.0376974456012249
18,0,15,0.8086887001991272,0.307618498802185,-0.0340721160173416
18,0,16,0.8021826148033142,0.3147291839122772,-0.0266213454306125
18,0,17,0.8153408765792847,0.2915091216564178,-0.0186376310884952
18,0,18,0.8254371881484985,0.2888739705085754,-0.0320893973112106
18,0,19,0.8228093385696411,0.3082042932510376,-0.0281797870993614
18,0,20,0.8164287209510803,0.314402163028717,-0.022052401676774
18,1,0,0.0,0.0,0.0
18,1,1,0.0,0.0,0.0
18,1,2,0.0,0.0,0.0
18,1,3,0.0,0.0,0.0
18,1,4,0.0,0.0,0.0
18,1,5,0.0,0.0,0.0
18,1,6,0.0,0.0,0.0
18,1,7,0.0,0.0,0.0
18,1,8,0.0,0.0,0.0
18,1,9,0.0,0.0,0.0
18,1,10,0.0,0.0,0.0
18,1,11,0.0,0.0,0.0
18,1,12,0.0,0.0,0.0
18,1,13,0.0,0.0,0.0
18,1,14,0.0,0.0,0.0
18,1,15,0.0,0.0,0.0
18,1,16,0.0,0.0,0.0
18,1,17,0.0,0.0,0.0
18,1,18,0.0,0.0,0.0
18,1,19,0.0,0.0,0.0
18,1,20,0.0,0.0,0.0
20,0,0,0.8006875514984131,0.3609551191329956,-3.0456291710834194e-08
20,0,1,0.7843917012214661,0.3533543646335602,-0.0192038491368293
20,0,2,0.7719653844833374,0.329446792602539,-0.0294500011950731
20,0,3,0.7747758030891418,0.3054422438144684,-0.0380588918924331
20,0,4,0.7708695530891418,0.2875393629074096,-0.0449867025017738
20,0,5,0.7595446705818176,0.2848941683769226,-0.0181129220873117
20,0,6,0.7639774680137634,0.2497351914644241,-0.0348976030945777
20,0,7,0.7700393795967102,0.2266596406698227,-0.0450022295117378
20,0,8,0.7748128175735474,0.2047235369682312,-0.0517577603459358
20,0,9,0.7775062322616577,0.2825105190277099,-0.0160083584487438
20,0,10,0.7952361106872559,0.2754398584365845,-0.0382838137447834
20,0,11,0.7973650693893433,0.3043093085289001,-0.0418575219810009
20,0,12,0.7914333343505859,0.3135549128055572,-0.0398516990244388
20,0,13,0.7960282564163208,0.2846336364746094,-0.0163240358233451
20,0,14,0.8118736147880554,0.2810997664928436,-0.0377588532865047
20,0,15,0.8104955554008484,0.307238757610321,-0.0318732373416423
20,0,16,0.8026237487792969,0.3138576447963714,-0.0234631784260272
20,0,17,0.8123453855514526,0.2902747988700866,-0.0184252262115478
20,0,18,0.8253235816955566,0.2871250510215759,-0.0323255434632301
20,0,19,0.8235969543457031,0.3072367906570434,-0.0275523401796817
20,0,20,0.8163819313049316,0.3134908378124237,-0.0209307968616485
20,1,0,0.0,0.0,0.0
20,1,1,0.0,0.0,0.0
20,1,2,0.0,0.0,0.0
20,1,3,0.0,0.0,0.0
20,1,4,0.0,0.0,0.0
20,1,5,0.0,0.0,0.0
20,1,6,0.0,0.0,0.0
20,1,7,0.0,0.0,0.0
20,1,8,0.0,0.0,0.0
20,1,9,0.0,0.0,0.0
20,1,10,0.0,0.0,0.0
20,1,11,0.0,0.0,0.0
20,1,12,0.0,0.0,0.0
20,1,13,0.0,0.0,0.0
20,1,14,0.0,0.0,0.0
20,1,15,0.0,0.0,0.0
20,1,16,0.0,0.0,0.0
20,1,17,0.0,0.0,0.0
20,1,18,0.0,0.0,0.0
20,1,19,0.0,0.0,0.0
20,1,20,0.0,0.0,0.0
21,0,0,0.7995762228965759,0.3594790697097778,7.600305274024777e-09
21,0,1,0.7835720777511597,0.3528378903865814,-0.0201201904565095
21,0,2,0.771158754825592,0.3291937410831451,-0.0308109801262617
21,0,3,0.7756147384643555,0.3053748607635498,-0.0397892631590366
21,0,4,0.775557816028595,0.2860628962516784,-0.0471589975059032
21,0,5,0.7593622803688049,0.2859372496604919,-0.0191418584436178
21,0,6,0.7633082270622253,0.2470958530902862,-0.0364598929882049
21,0,7,0.7703152298927307,0.2220826596021652,-0.0469939336180686
21,0,8,0.7760322093963623,0.1993634551763534,-0.0539441183209419
21,0,9,0.7782328724861145,0.2854057550430298,-0.0169841479510068
21,0,10,0.7939015626907349,0.2741948068141937,-0.0400950610637664
21,0,11,0.7949545979499817,0.3032264113426208,-0.0435016043484211
21,0,12,0.7888965010643005,0.3129459917545318,-0.0412344522774219
21,0,13,0.7970483899116516,0.2877126038074493,-0.0174173805862665
21,0,14,0.8107130527496338,0.2803670465946197,-0.0391837358474731
21,0,15,0.8084095120429993,0.3067989349365234,-0.0321357175707817
21,0,16,0.8004036545753479,0.3136910200119018,-0.0230172760784626
21,0,17,0.813310444355011,0.2931285202503204,-0.0198069959878921
21,0,18,0.8248510360717773,0.28746497631073,-0.0341326631605625
21,0,19,0.8226173520088196,0.3075246214866638,-0.0285027306526899
21,0,20,0.815513551235199,0.314134418964386,-0.0212572813034057
21,1,0,0.0,0.0,0.0
21,1,1,0.0,0.0,0.0
21,1,2,0.0,0.0,0.0
21,1,3,0.0,0.0,0.0
21,1,4,0.0,0.0,0.0
21,1,5,0.0,0.0,0.0
21,1,6,0.0,0.0,0.0
21,1,7,0.0,0.0,0.0
21,1,8,0.0,0.0,0.0
21,1,9,0.0,0.0,0.0
21,1,10,0.0,0.0,0.0
21,1,11,0.0,0.0,0.0
21,1,12,0.0,0.0,0.0
21,1,13,0.0,0.0,0.0
21,1,14,0.0,0.0,0.0
21,1,15,0.0,0.0,0.0
21,1,16,0.0,0.0,0.0
21,1,17,0.0,0.0,0.0
21,1,18,0.0,0.0,0.0
21,1,19,0.0,0.0,0.0
21,1,20,0.0,0.0,0.0
22,0,0,0.8007997870445251,0.3580575585365295,-1.2205504162920988e-08
22,0,1,0.7835656404495239,0.3524025976657867,-0.0192698910832405
22,0,2,0.7712328433990479,0.3286006152629852,-0.0285852346569299
22,0,3,0.7774779796600342,0.3053658008575439,-0.035862248390913
22,0,4,0.7793635725975037,0.2865811586380005,-0.0415106266736984
22,0,5,0.7580617666244507,0.2863097786903381,-0.0183926317840814
22,0,6,0.7633230686187744,0.2499311715364456,-0.0365662090480327
22,0,7,0.7708482146263123,0.2272955030202865,-0.0482933707535266
22,0,8,0.7769580483436584,0.2046005576848983,-0.0560524798929691
22,0,9,0.7769247889518738,0.2859607338905334,-0.0165692493319511
22,0,10,0.7929520010948181,0.2732927501201629,-0.0404558070003986
22,0,11,0.7944756746292114,0.3040026128292084,-0.0452116280794143
22,0,12,0.7889909148216248,0.3147318065166473,-0.0435617342591285
22,0,13,0.7954758405685425,0.2878458797931671,-0.0172736812382936
22,0,14,0.8105859160423279,0.2805304229259491,-0.0399322584271431
22,0,15,0.8081163167953491,0.3089939057826996,-0.0340638607740402
22,0,16,0.8003990054130554,0.3159238696098327,-0.0252714306116104
22,0,17,0.8117858171463013,0.2926551401615143,-0.0197522845119237
22,0,18,0.8244455456733704,0.2880210280418396,-0.0347279086709022
22,0,19,0.8221855163574219,0.3101081550121307,-0.0296347513794899
22,0,20,0.8150636553764343,0.3169354200363159,-0.0226047169417142
22,1,0,0.0,0.0,0.0
22,1,1,0.0,0.0,0.0
22,1,2,0.0,0.0,0.0
22,1,3,0.0,0.0,0.0
22,1,4,0.0,0.0,0.0
22,1,5,0.0,0.0,0.0
22,1,6,0.0,0.0,0.0
22,1,7,0.0,0.0,0.0
22,1,8,0.0,0.0,0.0
22,1,9,0.0,0.0,0.0
22,1,10,0.0,0.0,0.0
22,1,11,0.0,0.0,0.0
22,1,12,0.0,0.0,0.0
22,1,13,0.0,0.0,0.0
22,1,14,0.0,0.0,0.0
22,1,15,0.0,0.0,0.0
22,1,16,0.0,0.0,0.0
22,1,17,0.0,0.0,0.0
22,1,18,0.0,0.0,0.0
22,1,19,0.0,0.0,0.0
22,1,20,0.0,0.0,0.0
23,0,0,0.8002269268035889,0.3594769537448883,-1.2834170171061032e-08
23,0,1,0.7829336524009705,0.3515443205833435,-0.0183595959097147
23,0,2,0.7715886831283569,0.328076958656311,-0.0273836571723222
23,0,3,0.7781907916069031,0.3059025406837463,-0.0347846634685993
23,0,4,0.7799450159072876,0.2886998355388641,-0.0407023206353187
23,0,5,0.7599103450775146,0.2867728173732757,-0.016681533306837
23,0,6,0.7632824778556824,0.2511330842971802,-0.0335708931088447
23,0,7,0.7696812748908997,0.2283419370651245,-0.0447655208408832
23,0,8,0.7748183608055115,0.2065590620040893,-0.0521418340504169
23,0,9,0.7783204913139343,0.2861730456352234,-0.0150587707757949
23,0,10,0.7927875518798828,0.2746361196041107,-0.0378554239869117
23,0,11,0.794649064540863,0.3033284246921539,-0.042978823184967
23,0,12,0.789401113986969,0.3150640726089477,-0.0417135544121265
23,0,13,0.7962915897369385,0.2884970307350158,-0.0157808344811201
23,0,14,0.8101418614387512,0.2806603610515594,-0.0368794649839401
23,0,15,0.8080801367759705,0.3071487545967102,-0.0316219292581081
23,0,16,0.800481915473938,0.3157141506671905,-0.0234522279351949
23,0,17,0.8122096061706543,0.2945203185081482,-0.0182547066360712
23,0,18,0.8242581486701965,0.2877941131591797,-0.0319762974977493
23,0,19,0.8216553330421448,0.3081343173980713,-0.0269317869096994
23,0,20,0.8141689300537109,0.3161647617816925,-0.0199772957712411
23,1,0,0.0,0.0,0.0
23,1,1,0.0,0.0,0.0
23,1,2,0.0,0.0,0.0
23,1,3,0.0,0.0,0.0
23,1,4,0.0,0.0,0.0
23,1,5,0.0,0.0,0.0
23,1,6,0.0,0.0,0.0
23,1,7,0.0,0.0,0.0
23,1,8,0.0,0.0,0.0
23,1,9,0.0,0.0,0.0
23,1,10,0.0,0.0,0.0
23,1,11,0.0,0.0,0.0
23,1,12,0.0,0.0,0.0
23,1,13,0.0,0.0,0.0
23,1,14,0.0,0.0,0.0
23,1,15,0.0,0.0,0.0
23,1,16,0.0,0.0,0.0
23,1,17,0.0,0.0,0.0
23,1,18,0.0,0.0,0.0
23,1,19,0.0,0.0,0.0
23,1,20,0.0,0.0,0.0
25,0,0,0.7993718385696411,0.3602702617645263,-4.492012806167622e-08
25,0,1,0.7819461226463318,0.3518183827400207,-0.0182052683085203
25,0,2,0.7702480554580688,0.3292726576328277,-0.0279340874403715
25,0,3,0.774844229221344,0.3066122829914093,-0.0362771488726139
25,0,4,0.7745431065559387,0.2882715463638305,-0.0434202291071414
25,0,5,0.7601021528244019,0.2867352664470672,-0.0177611131221056
25,0,6,0.7643650770187378,0.2529352307319641,-0.034983929246664
25,0,7,0.7697123289108276,0.2324106246232986,-0.0460885055363178
25,0,8,0.7739839553833008,0.2118033468723297,-0.053532924503088
25,0,9,0.7797048687934875,0.2848252952098846,-0.0164829287678003
25,0,10,0.7914754152297974,0.2745699286460876,-0.0397362262010574
25,0,11,0.7920958995819092,0.3016034364700317,-0.0454802177846431
25,0,12,0.7876096367835999,0.3118432760238647,-0.044782280921936
25,0,13,0.7989954948425293,0.2864969968795776,-0.017441626638174
25,0,14,0.8099111914634705,0.2835330963134765,-0.0397832319140434
25,0,15,0.8065534234046936,0.3108911514282226,-0.0351585261523723
25,0,16,0.8003456592559814,0.3200397491455078,-0.0269812233746051
25,0,17,0.8158060312271118,0.2917370498180389,-0.0200396087020635
25,0,18,0.824249804019928,0.2904157638549804,-0.0340042412281036
25,0,19,0.8203368782997131,0.3116094172000885,-0.0293289497494697
25,0,20,0.8142496943473816,0.3191212117671966,-0.0226291473954916
25,1,0,0.0,0.0,0.0
25,1,1,0.0,0.0,0.0
25,1,2,0.0,0.0,0.0
25,1,3,0.0,0.0,0.0
25,1,4,0.0,0.0,0.0
25,1,5,0.0,0.0,0.0
25,1,6,0.0,0.0,0.0
25,1,7,0.0,0.0,0.0
25,1,8,0.0,0.0,0.0
25,1,9,0.0,0.0,0.0
25,1,10,0.0,0.0,0.0
25,1,11,0.0,0.0,0.0
25,1,12,0.0,0.0,0.0
25,1,13,0.0,0.0,0.0
25,1,14,0.0,0.0,0.0
25,1,15,0.0,0.0,0.0
25,1,16,0.0,0.0,0.0
25,1,17,0.0,0.0,0.0
25,1,18,0.0,0.0,0.0
25,1,19,0.0,0.0,0.0
25,1,20,0.0,0.0,0.0
26,0,0,0.800478458404541,0.3617207705974579,-4.84876956363678e-08
26,0,1,0.7837115526199341,0.3539380431175232,-0.0167053211480379
26,0,2,0.7724469900131226,0.3297537565231323,-0.0255653485655784
26,0,3,0.7744793891906738,0.3067770898342132,-0.0334129706025123
26,0,4,0.770130455493927,0.2897475361824035,-0.0400129035115242
26,0,5,0.7611223459243774,0.2875970005989074,-0.0161940231919288
26,0,6,0.7646821141242981,0.2511052191257477,-0.032205257564783
26,0,7,0.770838737487793,0.2284046411514282,-0.0427993014454841
26,0,8,0.7756963968276978,0.2068812400102615,-0.0500116497278213
26,0,9,0.7791041135787964,0.2854114770889282,-0.0152360955253243
26,0,10,0.794138491153717,0.2781413793563843,-0.0380642414093017
26,0,11,0.7959848046302795,0.3057885766029358,-0.0436762943863868
26,0,12,0.7907456755638123,0.3180250227451324,-0.0429950878024101
26,0,13,0.7974417209625244,0.2872557938098907,-0.0162695664912462
26,0,14,0.8104785680770874,0.2841073870658874,-0.0369665771722793
26,0,15,0.8087297081947327,0.3099480867385864,-0.0319625362753868
26,0,16,0.8023002743721008,0.3191755712032318,-0.0241516940295696
26,0,17,0.8137708902359009,0.2927318513393402,-0.0189573895186185
26,0,18,0.8244097828865051,0.2899895012378692,-0.0317200645804405
26,0,19,0.8217195272445679,0.3101302981376648,-0.0267687495797872
26,0,20,0.8153703212738037,0.3180683553218841,-0.0201181937009096
26,1,0,0.0,0.0,0.0
26,1,1,0.0,0.0,0.0
26,1,2,0.0,0.0,0.0
26,1,3,0.0,0.0,0.0
26,1,4,0.0,0.0,0.0
26,1,5,0.0,0.0,0.0
26,1,6,0.0,0.0,0.0
26,1,7,0.0,0.0,0.0
26,1,8,0.0,0.0,0.0
26,1,9,0.0,0.0,0.0
26,1,10,0.0,0.0,0.0
26,1,11,0.0,0.0,0.0
26,1,12,0.0,0.0,0.0
26,1,13,0.0,0.0,0.0
26,1,14,0.0,0.0,0.0
26,1,15,0.0,0.0,0.0
26,1,16,0.0,0.0,0.0
26,1,17,0.0,0.0,0.0
26,1,18,0.0,0.0,0.0
26,1,19,0.0,0.0,0.0
26,1,20,0.0,0.0,0.0
31,0,0,0.7995566725730896,0.3607760965824127,-4.1006117612596427e-08
31,0,1,0.78238844871521,0.3542368113994598,-0.0154264634475111
31,0,2,0.7703945636749268,0.3303527534008026,-0.0234100315719842
31,0,3,0.7735623121261597,0.3072250783443451,-0.0304575506597757
31,0,4,0.7688207030296326,0.2914240956306457,-0.0363826528191566
31,0,5,0.7599839568138123,0.2888718247413635,-0.0149071468040347
31,0,6,0.7654769420623779,0.2538421750068664,-0.0298357419669628
31,0,7,0.7720676064491272,0.2318529188632965,-0.0399643667042255
31,0,8,0.777198076248169,0.2110403776168823,-0.0471122115850448
31,0,9,0.7789536714553833,0.2874258458614349,-0.0145784523338079
31,0,10,0.7942459583282471,0.2774748206138611,-0.0362597480416297
31,0,11,0.7958647608757019,0.3050335049629211,-0.04147794470191
31,0,12,0.7910159826278687,0.3185864984989166,-0.0406846180558204
31,0,13,0.7972795963287354,0.2891778945922851,-0.0161382015794515
31,0,14,0.8110522627830505,0.2833993136882782,-0.0356466546654701
31,0,15,0.8083477020263672,0.3087728321552276,-0.0307888556271791
31,0,16,0.8011640310287476,0.3187565207481384,-0.0233726296573877
31,0,17,0.8135228157043457,0.2942387461662292,-0.0192320998758077
31,0,18,0.8247069120407104,0.2892753183841705,-0.0314175002276897
31,0,19,0.8214500546455383,0.3086615800857544,-0.0267777107656002
31,0,20,0.8143671154975891,0.3167515993118286,-0.0206639282405376
31,1,0,0.0,0.0,0.0
31,1,1,0.0,0.0,0.0
31,1,2,0.0,0.0,0.0
31,1,3,0.0,0.0,0.0
31,1,4,0.0,0.0,0.0
31,1,5,0.0,0.0,0.0
31,1,6,0.0,0.0,0.0
31,1,7,0.0,0.0,0.0
31,1,8,0.0,0.0,0.0
31,1,9,0.0,0.0,0.0
31,1,10,0.0,0.0,0.0
31,1,11,0.0,0.0,0.0
31,1,12,0.0,0.0,0.0
31,1,13,0.0,0.0,0.0
31,1,14,0.0,0.0,0.0
31,1,15,0.0,0.0,0.0
31,1,16,0.0,0.0,0.0
31,1,17,0.0,0.0,0.0
31,1,18,0.0,0.0,0.0
31,1,19,0.0,0.0,0.0
31,1,20,0.0,0.0,0.0
32,0,0,0.7995415925979614,0.3648736476898193,3.668697790004671e-09
32,0,1,0.7821581363677979,0.354049801826477,-0.0137031292542815
32,0,2,0.7708953619003296,0.3294882178306579,-0.0200720746070146
32,0,3,0.773616373538971,0.3057753443717956,-0.0259839557111263
32,0,4,0.7676795125007629,0.2896918058395386,-0.0307212844491004
32,0,5,0.759859025478363,0.2873434722423553,-0.0107952933758497
32,0,6,0.7640641331672668,0.2568549513816833,-0.0256263855844736
32,0,7,0.7686313986778259,0.2391586750745773,-0.0354552902281284
32,0,8,0.7724805474281311,0.2197974026203155,-0.0416789390146732
32,0,9,0.7780175805091858,0.2850867509841919,-0.0113197555765509
32,0,10,0.7891066074371338,0.2668158411979675,-0.029551975429058
32,0,11,0.7896572947502136,0.2767263054847717,-0.0359228700399398
32,0,12,0.7853505611419678,0.273027092218399,-0.0367655679583549
32,0,13,0.7966646552085876,0.2864422500133514,-0.0138186030089855
32,0,14,0.8106035590171814,0.2829932570457458,-0.0335142724215984
32,0,15,0.8067525625228882,0.3086706101894378,-0.0316296443343162
32,0,16,0.7992502450942993,0.3174259066581726,-0.0252114403992891
32,0,17,0.8135353326797485,0.2920275032520294,-0.0175551753491163
32,0,18,0.8246980309486389,0.2909459471702575,-0.0291387066245079
32,0,19,0.8200234770774841,0.3107960820198059,-0.0251991227269172
32,0,20,0.8120905756950378,0.3181898295879364,-0.0192531086504459
32,1,0,0.0,0.0,0.0
32,1,1,0.0,0.0,0.0
32,1,2,0.0,0.0,0.0
32,1,3,0.0,0.0,0.0
32,1,4,0.0,0.0,0.0
32,1,5,0.0,0.0,0.0
32,1,6,0.0,0.0,0.0
32,1,7,0.0,0.0,0.0
32,1,8,0.0,0.0,0.0
32,1,9,0.0,0.0,0.0
32,1,10,0.0,0.0,0.0
32,1,11,0.0,0.0,0.0
32,1,12,0.0,0.0,0.0
32,1,13,0.0,0.0,0.0
32,1,14,0.0,0.0,0.0
32,1,15,0.0,0.0,0.0
32,1,16,0.0,0.0,0.0
32,1,17,0.0,0.0,0.0
32,1,18,0.0,0.0,0.0
32,1,19,0.0,0.0,0.0
32,1,20,0.0,0.0,0.0
34,0,0,0.7992314696311951,0.3640647530555725,-5.5152096223309854e-08
34,0,1,0.7822480201721191,0.3558083474636078,-0.0152727412059903
34,0,2,0.7701436877250671,0.330846756696701,-0.0232966598123312
34,0,3,0.7736145853996277,0.3085955679416656,-0.0306336227804422
34,0,4,0.772545337677002,0.2911808490753174,-0.0367474034428596
34,0,5,0.7613523602485657,0.2861242294311523,-0.0145834768190979
34,0,6,0.764944314956665,0.2480407953262329,-0.0291918609291315
34,0,7,0.7719557285308838,0.2245098054409027,-0.0384189933538436
34,0,8,0.7777769565582275,0.2024133205413818,-0.0450088419020175
34,0,9,0.7793369889259338,0.2851480841636657,-0.0144485393539071
34,0,10,0.7956033945083618,0.2796269953250885,-0.0365505516529083
34,0,11,0.7948668003082275,0.3079821169376373,-0.0415479242801666
34,0,12,0.7882497906684875,0.3186094760894775,-0.0405939556658268
34,0,13,0.797299861907959,0.2876529395580292,-0.0162434857338666
34,0,14,0.8116024732589722,0.2876794636249542,-0.0362015254795551
34,0,15,0.8070313930511475,0.312854528427124,-0.0315394289791584
34,0,16,0.7987602949142456,0.319095253944397,-0.0244332216680049
34,0,17,0.8134241104125977,0.2933312058448791,-0.0196266416460275
34,0,18,0.8244751691818237,0.2950505018234253,-0.0320690274238586
34,0,19,0.8196964859962463,0.3152473568916321,-0.0277774482965469
34,0,20,0.8119015097618103,0.3207967281341553,-0.0219396371394395
34,1,0,0.0,0.0,0.0
34,1,1,0.0,0.0,0.0
34,1,2,0.0,0.0,0.0
34,1,3,0.0,0.0,0.0
34,1,4,0.0,0.0,0.0
34,1,5,0.0,0.0,0.0
34,1,6,0.0,0.0,0.0
34,1,7,0.0,0.0,0.0
34,1,8,0.0,0.0,0.0
34,1,9,0.0,0.0,0.0
34,1,10,0.0,0.0,0.0
34,1,11,0.0,0.0,0.0
34,1,12,0.0,0.0,0.0
34,1,13,0.0,0.0,0.0
34,1,14,0.0,0.0,0.0
34,1,15,0.0,0.0,0.0
34,1,16,0.0,0.0,0.0
34,1,17,0.0,0.0,0.0
34,1,18,0.0,0.0,0.0
34,1,19,0.0,0.0,0.0
34,1,20,0.0,0.0,0.0
35,0,0,0.799204409122467,0.3631867170333862,-4.241419304662487e-08
35,0,1,0.781903088092804,0.3544109165668487,-0.0162514820694923
35,0,2,0.7694156169891357,0.3315169811248779,-0.0256642214953899
35,0,3,0.77238929271698,0.3093709051609039,-0.0342516936361789
35,0,4,0.7703220248222351,0.2910654544830322,-0.0414479561150074
35,0,5,0.7616156935691833,0.2861739099025726,-0.0163827743381261
35,0,6,0.7652392387390137,0.2474778443574905,-0.0315283238887786
35,0,7,0.7724037170410156,0.2238728404045105,-0.0409625843167305
35,0,8,0.7788428068161011,0.2021050006151199,-0.0474697910249233
35,0,9,0.7802662253379822,0.2849686741828918,-0.0157836005091667
35,0,10,0.7945663332939148,0.2808238565921783,-0.037535436451435
35,0,11,0.7942239046096802,0.3081702589988708,-0.042142167687416
35,0,12,0.7884283065795898,0.3181193172931671,-0.0411514900624752
35,0,13,0.798692524433136,0.2876208126544952,-0.0171510819345712
35,0,14,0.8109874725341797,0.2872307300567627,-0.0369695797562599
35,0,15,0.8071945905685425,0.3119362592697143,-0.0317095406353473
35,0,16,0.79998779296875,0.3187788724899292,-0.024226326495409
35,0,17,0.8151169419288635,0.2934663295745849,-0.0201694071292877
35,0,18,0.8245916366577148,0.2922301292419433,-0.0325598530471324
35,0,19,0.820289671421051,0.3117347359657287,-0.027625449001789
35,0,20,0.8132664561271667,0.3183016180992126,-0.0211496371775865
35,1,0,0.0,0.0,0.0
35,1,1,0.0,0.0,0.0
35,1,2,0.0,0.0,0.0
35,1,3,0.0,0.0,0.0
35,1,4,0.0,0.0,0.0
35,1,5,0.0,0.0,0.0
35,1,6,0.0,0.0,0.0
35,1,7,0.0,0.0,0.0
35,1,8,0.0,0.0,0.0
35,1,9,0.0,0.0,0.0
35,1,10,0.0,0.0,0.0
35,1,11,0.0,0.0,0.0
35,1,12,0.0,0.0,0.0
35,1,13,0.0,0.0,0.0
35,1,14,0.0,0.0,0.0
35,1,15,0.0,0.0,0.0
35,1,16,0.0,0.0,0.0
35,1,17,0.0,0.0,0.0
35,1,18,0.0,0.0,0.0
35,1,19,0.0,0.0,0.0
35,1,20,0.0,0.0,0.0
36,0,0,0.8003737926483154,0.3614340424537658,-2.0359337327136018e-08
36,0,1,0.7839829921722412,0.355535089969635,-0.0174669045954942
36,0,2,0.7714248895645142,0.3342063426971435,-0.0273380912840366
36,0,3,0.7743086218833923,0.3126796782016754,-0.0358103588223457
36,0,4,0.7705082297325134,0.2943487167358398,-0.0426492393016815
36,0,5,0.7602248787879944,0.2885298132896423,-0.0173912178725004
36,0,6,0.7638319730758667,0.2544302940368652,-0.0343415066599845
36,0,7,0.7703756093978882,0.2325237989425659,-0.0452217534184455
36,0,8,0.776021420955658,0.2109008133411407,-0.0525399558246135
36,0,9,0.7774441242218018,0.2868826389312744,-0.0162380170077085
36,0,10,0.7949141263961792,0.2803815901279449,-0.0385318808257579
36,0,11,0.796484649181366,0.3088985681533813,-0.0431578755378723
36,0,12,0.7907975316047668,0.3175340890884399,-0.0421524867415428
36,0,13,0.7951371073722839,0.2886433601379394,-0.0173402410000562
36,0,14,0.8109980821609497,0.2854322791099548,-0.0380483902990818
36,0,15,0.8085952997207642,0.3114914894104004,-0.0325393117964267
36,0,16,0.8009665608406067,0.3174231052398681,-0.0248294509947299
36,0,17,0.8112096190452576,0.2935352325439453,-0.0201400648802518
36,0,18,0.824264407157898,0.2905866801738739,-0.0332859903573989
36,0,19,0.821148157119751,0.3115667104721069,-0.0283149238675832
36,0,20,0.8135760426521301,0.31795135140419,-0.0218713246285915
36,1,0,0.0,0.0,0.0
36,1,1,0.0,0.0,0.0
36,1,2,0.0,0.0,0.0
36,1,3,0.0,0.0,0.0
36,1,4,0.0,0.0,0.0
36,1,5,0.0,0.0,0.0
36,1,6,0.0,0.0,0.0
36,1,7,0.0,0.0,0.0
36,1,8,0.0,0.0,0.0
36,1,9,0.0,0.0,0.0
36,1,10,0.0,0.0,0.0
36,1,11,0.0,0.0,0.0
36,1,12,0.0,0.0,0.0
36,1,13,0.0,0.0,0.0
36,1,14,0.0,0.0,0.0
36,1,15,0.0,0.0,0.0
36,1,16,0.0,0.0,0.0
36,1,17,0.0,0.0,0.0
36,1,18,0.0,0.0,0.0
36,1,19,0.0,0.0,0.0
36,1,20,0.0,0.0,0.0
