Frame,Hand,Landmark,X,Y,Z
2,0,0,0.7261800169944763,0.7816530466079712,3.441284661676036e-07
2,0,1,0.6773908734321594,0.761271595954895,-0.0189600382000207
2,0,2,0.6312478184700012,0.7792423367500305,-0.0274713188409805
2,0,3,0.5985811948776245,0.8059375882148743,-0.0309569276869297
2,0,4,0.5689875483512878,0.8202759027481079,-0.0335170440375804
2,0,5,0.6463329792022705,0.8282126188278198,-0.0288474038243293
2,0,6,0.6125485897064209,0.8661391139030457,-0.0333563312888145
2,0,7,0.5910869836807251,0.8787736892700195,-0.0333311967551708
2,0,8,0.5760247707366943,0.8833150267601013,-0.0326682701706886
2,0,9,0.6707290410995483,0.8509277105331421,-0.0198160987347364
2,0,10,0.6319567561149597,0.8795851469039917,-0.0208293385803699
2,0,11,0.6139757037162781,0.8766257762908936,-0.0170156210660934
2,0,12,0.6046845316886902,0.8690595030784607,-0.0148636735975742
2,0,13,0.6916977763175964,0.8651999235153198,-0.0110391778871417
2,0,14,0.6505385041236877,0.8864532113075256,-0.0107298949733376
2,0,15,0.6377086043357849,0.8792564868927002,-0.0057280585169792
2,0,16,0.6333937048912048,0.870440661907196,-0.0036666812375187
2,0,17,0.7067422270774841,0.8737889528274536,-0.0037448431830853
2,0,18,0.6714387536048889,0.8894045352935791,-0.0051265093497931
2,0,19,0.6599618196487427,0.8824449181556702,-0.0022608134895563
2,0,20,0.6564968824386597,0.87526935338974,9.675827459432183e-05
2,0,21,0.5046428442001343,0.3288310766220093,-1.1122374534606934
2,0,22,0.5285645127296448,0.2842364311218261,-1.067754149436951
2,0,23,0.5235503315925598,0.3659749031066894,-0.943742573261261
2,1,0,0.0,0.0,0.0
2,1,1,0.0,0.0,0.0
2,1,2,0.0,0.0,0.0
2,1,3,0.0,0.0,0.0
2,1,4,0.0,0.0,0.0
2,1,5,0.0,0.0,0.0
2,1,6,0.0,0.0,0.0
2,1,7,0.0,0.0,0.0
2,1,8,0.0,0.0,0.0
2,1,9,0.0,0.0,0.0
2,1,10,0.0,0.0,0.0
2,1,11,0.0,0.0,0.0
2,1,12,0.0,0.0,0.0
2,1,13,0.0,0.0,0.0
2,1,14,0.0,0.0,0.0
2,1,15,0.0,0.0,0.0
2,1,16,0.0,0.0,0.0
2,1,17,0.0,0.0,0.0
2,1,18,0.0,0.0,0.0
2,1,19,0.0,0.0,0.0
2,1,20,0.0,0.0,0.0
2,1,21,0.5046428442001343,0.3288310766220093,-1.1122374534606934
2,1,22,0.4595118165016174,0.288494348526001,-1.0927975177764893
2,1,23,0.4729391932487488,0.3687048554420471,-0.9752333760261536
3,0,0,0.723487138748169,0.777320921421051,3.751832480247686e-07
3,0,1,0.6769376993179321,0.7611897587776184,-0.0206317603588104
3,0,2,0.6309971809387207,0.7806906700134277,-0.0305613353848457
3,0,3,0.5993269681930542,0.8068596720695496,-0.0347649753093719
3,0,4,0.5694031715393066,0.8199316263198853,-0.0379884392023086
3,0,5,0.6502288579940796,0.8253689408302307,-0.0351681187748909
3,0,6,0.6175352334976196,0.8631139993667603,-0.043174497783184
3,0,7,0.5944550633430481,0.877610445022583,-0.0453947558999061
3,0,8,0.5762551426887512,0.8845342993736267,-0.0460352413356304
3,0,9,0.6733426451683044,0.8493606448173523,-0.0260474644601345
3,0,10,0.6332584023475647,0.8788079619407654,-0.0305277705192565
3,0,11,0.6115573048591614,0.8768871426582336,-0.0279798191040754
3,0,12,0.5986728072166443,0.8692851662635803,-0.0263714082539081
3,0,13,0.6935737729072571,0.8644393682479858,-0.0170129034668207
3,0,14,0.6513643264770508,0.8862993121147156,-0.0195301584899425
3,0,15,0.6361650824546814,0.8778138756752014,-0.0145203238353133
3,0,16,0.6296884417533875,0.8672264814376831,-0.0118566527962684
3,0,17,0.7078514695167542,0.8730691075325012,-0.0095538636669516
3,0,18,0.6716627478599548,0.8878228068351746,-0.0127679770812392
3,0,19,0.6578636765480042,0.8804553747177124,-0.0099945235997438
3,0,20,0.6520651578903198,0.873058021068573,-0.0073753912001848
3,0,21,0.5042246580123901,0.3277856111526489,-1.1432840824127195
3,0,22,0.5271508693695068,0.2830559015274048,-1.0957502126693726
3,0,23,0.5243166089057922,0.3645481467247009,-0.9683837294578552
3,1,0,0.0,0.0,0.0
3,1,1,0.0,0.0,0.0
3,1,2,0.0,0.0,0.0
3,1,3,0.0,0.0,0.0
3,1,4,0.0,0.0,0.0
3,1,5,0.0,0.0,0.0
3,1,6,0.0,0.0,0.0
3,1,7,0.0,0.0,0.0
3,1,8,0.0,0.0,0.0
3,1,9,0.0,0.0,0.0
3,1,10,0.0,0.0,0.0
3,1,11,0.0,0.0,0.0
3,1,12,0.0,0.0,0.0
3,1,13,0.0,0.0,0.0
3,1,14,0.0,0.0,0.0
3,1,15,0.0,0.0,0.0
3,1,16,0.0,0.0,0.0
3,1,17,0.0,0.0,0.0
3,1,18,0.0,0.0,0.0
3,1,19,0.0,0.0,0.0
3,1,20,0.0,0.0,0.0
3,1,21,0.5042246580123901,0.3277856111526489,-1.1432840824127195
3,1,22,0.4583153128623962,0.2892755270004272,-1.1220827102661133
3,1,23,0.4742588698863983,0.3679925799369812,-1.0017460584640503
9,0,0,0.7634209990501404,0.7679405212402344,2.763827069429681e-07
9,0,1,0.7173054218292236,0.7565038204193115,-0.0164516009390354
9,0,2,0.6723195314407349,0.7787753343582153,-0.023577319458127
9,0,3,0.6407098770141602,0.8031948208808899,-0.0262495204806327
9,0,4,0.6132278442382812,0.8179031610488892,-0.0280746649950742
9,0,5,0.6972305178642273,0.8220548033714294,-0.0267039481550455
9,0,6,0.667325496673584,0.8610442280769348,-0.0317178964614868
9,0,7,0.6448495984077454,0.8752791881561279,-0.0333393067121505
9,0,8,0.6289098858833313,0.8825172185897827,-0.0342340730130672
9,0,9,0.7214927673339844,0.8411521911621094,-0.0195014234632253
9,0,10,0.6841834783554077,0.8727971911430359,-0.0239965096116065
9,0,11,0.6699600219726562,0.8631100654602051,-0.0228767432272434
9,0,12,0.6690097451210022,0.8484854102134705,-0.0219079349189996
9,0,13,0.7415413856506348,0.8518349528312683,-0.0121092498302459
9,0,14,0.7016890048980713,0.8785619735717773,-0.0141189880669116
9,0,15,0.6899983882904053,0.8682807683944702,-0.0095983799546957
9,0,16,0.6906656622886658,0.8558250665664673,-0.0071912603452801
9,0,17,0.7551446557044983,0.8578882217407227,-0.0059342156164348
9,0,18,0.7205674648284912,0.878313422203064,-0.0089859021827578
9,0,19,0.7093437910079956,0.8702107071876526,-0.0065836403518915
9,0,20,0.7087203860282898,0.8609898686408997,-0.0044273999519646
9,0,21,0.5073662400245667,0.3319600820541382,-1.206898212432861
9,0,22,0.5319834351539612,0.288673996925354,-1.1591187715530396
9,0,23,0.5279483795166016,0.3712583184242248,-1.033503532409668
9,1,0,0.0,0.0,0.0
9,1,1,0.0,0.0,0.0
9,1,2,0.0,0.0,0.0
9,1,3,0.0,0.0,0.0
9,1,4,0.0,0.0,0.0
9,1,5,0.0,0.0,0.0
9,1,6,0.0,0.0,0.0
9,1,7,0.0,0.0,0.0
9,1,8,0.0,0.0,0.0
9,1,9,0.0,0.0,0.0
9,1,10,0.0,0.0,0.0
9,1,11,0.0,0.0,0.0
9,1,12,0.0,0.0,0.0
9,1,13,0.0,0.0,0.0
9,1,14,0.0,0.0,0.0
9,1,15,0.0,0.0,0.0
9,1,16,0.0,0.0,0.0
9,1,17,0.0,0.0,0.0
9,1,18,0.0,0.0,0.0
9,1,19,0.0,0.0,0.0
9,1,20,0.0,0.0,0.0
9,1,21,0.5073662400245667,0.3319600820541382,-1.206898212432861
9,1,22,0.4611685276031494,0.2909789085388183,-1.1869630813598633
9,1,23,0.4754852056503296,0.3700796961784363,-1.068737268447876
10,0,0,0.774347186088562,0.7649511694908142,2.913072307819675e-07
10,0,1,0.726936936378479,0.7525909543037415,-0.0179380029439926
10,0,2,0.6828105449676514,0.7734472155570984,-0.0258564725518226
10,0,3,0.654081404209137,0.7997395396232605,-0.0290051158517599
10,0,4,0.6292560696601868,0.8153805136680603,-0.0310011766850948
10,0,5,0.7087945342063904,0.8190057277679443,-0.0281077716499567
10,0,6,0.6803687214851379,0.8567363619804382,-0.0342332012951374
10,0,7,0.658729076385498,0.8727723360061646,-0.0363774597644805
10,0,8,0.6422873139381409,0.8811591267585754,-0.037523228675127
10,0,9,0.7328106164932251,0.8388153314590454,-0.0201671384274959
10,0,10,0.6969215869903564,0.8700445890426636,-0.0244856756180524
10,0,11,0.6807335019111633,0.8642545938491821,-0.0228930804878473
10,0,12,0.674709677696228,0.8522847294807434,-0.0218632351607084
10,0,13,0.7517609596252441,0.8499149084091187,-0.0122686121612787
10,0,14,0.7124984860420227,0.8749618530273438,-0.0150263654068112
10,0,15,0.6988011002540588,0.866744875907898,-0.0107429875060915
10,0,16,0.6955839395523071,0.8555447459220886,-0.0084509812295436
10,0,17,0.7643727660179138,0.8557761907577515,-0.0057219029404222
10,0,18,0.7293735146522522,0.8745052218437195,-0.0095284841954708
10,0,19,0.7159945368766785,0.8679612874984741,-0.0075798430480062
10,0,20,0.7117137908935547,0.8599575161933899,-0.005640345159918
10,0,21,0.502149224281311,0.3311116695404053,-1.1937646865844729
10,0,22,0.5284736752510071,0.2884976863861084,-1.1465702056884766
10,0,23,0.5232504606246948,0.3703877925872803,-1.0196201801300049
10,1,0,0.0,0.0,0.0
10,1,1,0.0,0.0,0.0
10,1,2,0.0,0.0,0.0
10,1,3,0.0,0.0,0.0
10,1,4,0.0,0.0,0.0
10,1,5,0.0,0.0,0.0
10,1,6,0.0,0.0,0.0
10,1,7,0.0,0.0,0.0
10,1,8,0.0,0.0,0.0
10,1,9,0.0,0.0,0.0
10,1,10,0.0,0.0,0.0
10,1,11,0.0,0.0,0.0
10,1,12,0.0,0.0,0.0
10,1,13,0.0,0.0,0.0
10,1,14,0.0,0.0,0.0
10,1,15,0.0,0.0,0.0
10,1,16,0.0,0.0,0.0
10,1,17,0.0,0.0,0.0
10,1,18,0.0,0.0,0.0
10,1,19,0.0,0.0,0.0
10,1,20,0.0,0.0,0.0
10,1,21,0.502149224281311,0.3311116695404053,-1.1937646865844729
10,1,22,0.4559614658355713,0.2900785803794861,-1.1727447509765625
10,1,23,0.4698574244976043,0.3695539236068725,-1.0527877807617188
13,0,0,0.7977247834205627,0.7510352730751038,3.139554962672264e-07
13,0,1,0.7524821758270264,0.7403459548950195,-0.02088014036417
13,0,2,0.7102510333061218,0.7623632550239563,-0.0316646695137023
13,0,3,0.6826978325843811,0.7898765802383423,-0.0367317460477352
13,0,4,0.6608963012695312,0.8095324635505676,-0.0402963384985923
13,0,5,0.7439645528793335,0.8057839274406433,-0.039064921438694
13,0,6,0.7149463891983032,0.8464124798774719,-0.0494287684559822
13,0,7,0.6923841238021851,0.8624144792556763,-0.0524834655225276
13,0,8,0.6747162342071533,0.8699865937232971,-0.0534739941358566
13,0,9,0.7679591178894043,0.8254998326301575,-0.0304508786648511
13,0,10,0.7278403043746948,0.8581466674804688,-0.0381608940660953
13,0,11,0.706540048122406,0.853794515132904,-0.0360861271619796
13,0,12,0.6959214210510254,0.8439964056015015,-0.0344015061855316
13,0,13,0.7847217321395874,0.8374550342559814,-0.0217852797359228
13,0,14,0.7405828237533569,0.8637739419937134,-0.0269023682922124
13,0,15,0.7236949801445007,0.8549081087112427,-0.0216270685195922
13,0,16,0.7183382511138916,0.8442466259002686,-0.0183283612132072
13,0,17,0.7937914133071899,0.8437845706939697,-0.0146598387509584
13,0,18,0.7550491094589233,0.8634898662567139,-0.0198204889893531
13,0,19,0.7392810583114624,0.8574142456054688,-0.017523143440485
13,0,20,0.7338823676109314,0.8501564264297485,-0.0150656383484601
13,0,21,0.503308892250061,0.3336108326911926,-0.9298223853111268
13,0,22,0.5294446349143982,0.2884116768836975,-0.8867716193199158
13,0,23,0.5231270790100098,0.3702584505081177,-0.7763475179672241
13,1,0,0.0,0.0,0.0
13,1,1,0.0,0.0,0.0
13,1,2,0.0,0.0,0.0
13,1,3,0.0,0.0,0.0
13,1,4,0.0,0.0,0.0
13,1,5,0.0,0.0,0.0
13,1,6,0.0,0.0,0.0
13,1,7,0.0,0.0,0.0
13,1,8,0.0,0.0,0.0
13,1,9,0.0,0.0,0.0
13,1,10,0.0,0.0,0.0
13,1,11,0.0,0.0,0.0
13,1,12,0.0,0.0,0.0
13,1,13,0.0,0.0,0.0
13,1,14,0.0,0.0,0.0
13,1,15,0.0,0.0,0.0
13,1,16,0.0,0.0,0.0
13,1,17,0.0,0.0,0.0
13,1,18,0.0,0.0,0.0
13,1,19,0.0,0.0,0.0
13,1,20,0.0,0.0,0.0
13,1,21,0.503308892250061,0.3336108326911926,-0.9298223853111268
13,1,22,0.4572838544845581,0.2934434413909912,-0.913437843322754
13,1,23,0.4713196158409118,0.3714829087257385,-0.8101080656051636
14,0,0,0.8006362915039062,0.7465031743049622,2.93188463729166e-07
14,0,1,0.7554691433906555,0.7387810349464417,-0.0184517838060855
14,0,2,0.7137393355369568,0.7620916962623596,-0.0280490256845951
14,0,3,0.6853447556495667,0.788908064365387,-0.0327406823635101
14,0,4,0.6636773347854614,0.8078538179397583,-0.0356592983007431
14,0,5,0.7494661211967468,0.8074667453765869,-0.0334283895790576
14,0,6,0.7172005772590637,0.8493056893348694,-0.0422594882547855
14,0,7,0.6934796571731567,0.8631576299667358,-0.0448819659650325
14,0,8,0.6759219169616699,0.8682765960693359,-0.0457776822149753
14,0,9,0.7740185260772705,0.8244614005088806,-0.0260355416685342
14,0,10,0.7348487973213196,0.8557255268096924,-0.0324040167033672
14,0,11,0.7171563506126404,0.8502748608589172,-0.0302651524543762
14,0,12,0.7104693055152893,0.8409462571144104,-0.0290381573140621
14,0,13,0.7916107177734375,0.8342207074165344,-0.0185933616012334
14,0,14,0.7496155500411987,0.8594200611114502,-0.0224198754876852
14,0,15,0.735275387763977,0.8511043787002563,-0.0163474306464195
14,0,16,0.7317466735839844,0.8416883945465088,-0.0131477667018771
14,0,17,0.8017227053642273,0.8390952348709106,-0.0126314852386713
14,0,18,0.7651758193969727,0.8582316637039185,-0.016713785007596
14,0,19,0.7519162893295288,0.8516058921813965,-0.0132444035261869
14,0,20,0.7491859197616577,0.8439115881919861,-0.0101786125451326
14,0,21,0.5030777454376221,0.3268523812294006,-0.8135663270950317
14,0,22,0.5288200378417969,0.284013569355011,-0.767705500125885
14,0,23,0.5249844789505005,0.3659504055976867,-0.667117178440094
14,1,0,0.0,0.0,0.0
14,1,1,0.0,0.0,0.0
14,1,2,0.0,0.0,0.0
14,1,3,0.0,0.0,0.0
14,1,4,0.0,0.0,0.0
14,1,5,0.0,0.0,0.0
14,1,6,0.0,0.0,0.0
14,1,7,0.0,0.0,0.0
14,1,8,0.0,0.0,0.0
14,1,9,0.0,0.0,0.0
14,1,10,0.0,0.0,0.0
14,1,11,0.0,0.0,0.0
14,1,12,0.0,0.0,0.0
14,1,13,0.0,0.0,0.0
14,1,14,0.0,0.0,0.0
14,1,15,0.0,0.0,0.0
14,1,16,0.0,0.0,0.0
14,1,17,0.0,0.0,0.0
14,1,18,0.0,0.0,0.0
14,1,19,0.0,0.0,0.0
14,1,20,0.0,0.0,0.0
14,1,21,0.5030777454376221,0.3268523812294006,-0.8135663270950317
14,1,22,0.4576651453971863,0.2873286604881286,-0.7937105894088745
14,1,23,0.4716052412986755,0.3653010129928589,-0.7002559900283813
15,0,0,0.8051884770393372,0.741925835609436,1.9000462714302565e-07
15,0,1,0.7600780725479126,0.7354593276977539,-0.0172598119825124
15,0,2,0.7186367511749268,0.7590502500534058,-0.0263944789767265
15,0,3,0.6898795962333679,0.7861453294754028,-0.0310473665595054
15,0,4,0.6686235666275024,0.8049871325492859,-0.0339928790926933
15,0,5,0.7545638084411621,0.8017526268959045,-0.0315852127969265
15,0,6,0.7250965237617493,0.8436415791511536,-0.0402903147041797
15,0,7,0.7029323577880859,0.8585143685340881,-0.0433741062879562
15,0,8,0.6865637302398682,0.8659316897392273,-0.0451065562665462
15,0,9,0.7783560752868652,0.8188230991363525,-0.0252393744885921
15,0,10,0.740163266658783,0.847599446773529,-0.0337239205837249
15,0,11,0.7298786640167236,0.8355836272239685,-0.0325947627425193
15,0,12,0.7328076362609863,0.822738766670227,-0.0314870625734329
15,0,13,0.7956732511520386,0.8289141058921814,-0.0187330357730388
15,0,14,0.7557592988014221,0.8525701761245728,-0.0235490947961807
15,0,15,0.7468920350074768,0.8406317830085754,-0.0170050933957099
15,0,16,0.7505155205726624,0.8295361995697021,-0.0130418045446276
15,0,17,0.8058652877807617,0.8347116112709045,-0.013611800968647
15,0,18,0.7708867788314819,0.8539340496063232,-0.01727912761271
15,0,19,0.7614600658416748,0.8449372053146362,-0.0131673114374279
15,0,20,0.763954222202301,0.8356969952583313,-0.0097590638324618
15,0,21,0.5050896406173706,0.3328109383583069,-0.796629786491394
15,0,22,0.5305129289627075,0.2893732190132141,-0.7540317177772522
15,0,23,0.5269037485122681,0.372855544090271,-0.6474827527999878
15,1,0,0.0,0.0,0.0
15,1,1,0.0,0.0,0.0
15,1,2,0.0,0.0,0.0
15,1,3,0.0,0.0,0.0
15,1,4,0.0,0.0,0.0
15,1,5,0.0,0.0,0.0
15,1,6,0.0,0.0,0.0
15,1,7,0.0,0.0,0.0
15,1,8,0.0,0.0,0.0
15,1,9,0.0,0.0,0.0
15,1,10,0.0,0.0,0.0
15,1,11,0.0,0.0,0.0
15,1,12,0.0,0.0,0.0
15,1,13,0.0,0.0,0.0
15,1,14,0.0,0.0,0.0
15,1,15,0.0,0.0,0.0
15,1,16,0.0,0.0,0.0
15,1,17,0.0,0.0,0.0
15,1,18,0.0,0.0,0.0
15,1,19,0.0,0.0,0.0
15,1,20,0.0,0.0,0.0
15,1,21,0.5050896406173706,0.3328109383583069,-0.796629786491394
15,1,22,0.4606393277645111,0.2915768027305603,-0.7787449359893799
15,1,23,0.4737694859504699,0.3710871338844299,-0.6785446405410767
16,0,0,0.8097836375236511,0.7347696423530579,3.19722829544844e-07
16,0,1,0.7668479084968567,0.7314535975456238,-0.0178085621446371
16,0,2,0.7280192971229553,0.7531986236572266,-0.0290583875030279
16,0,3,0.7015559673309326,0.7804581522941589,-0.0359118357300758
16,0,4,0.6802464723587036,0.8013164401054382,-0.041267242282629
16,0,5,0.7655385732650757,0.7975642085075378,-0.0320045463740825
16,0,6,0.7390686869621277,0.8381342887878418,-0.0429284386336803
16,0,7,0.7168579697608948,0.854044497013092,-0.0476286672055721
16,0,8,0.699129581451416,0.8618612885475159,-0.0498241260647773
16,0,9,0.7890200018882751,0.8134707808494568,-0.0264657344669103
16,0,10,0.752716064453125,0.8463680148124695,-0.0345585718750953
16,0,11,0.728726863861084,0.8495731949806213,-0.0343589670956134
16,0,12,0.7127647995948792,0.847575306892395,-0.0342496186494827
16,0,13,0.8051326870918274,0.8228732347488403,-0.0211276747286319
16,0,14,0.7661899328231812,0.8510212898254395,-0.0269738547503948
16,0,15,0.7446368336677551,0.8496516942977905,-0.0228161457926034
16,0,16,0.7321426272392273,0.8448289036750793,-0.0203692372888326
16,0,17,0.8140788674354553,0.8276055455207825,-0.0172857772558927
16,0,18,0.781186044216156,0.849666953086853,-0.0227158050984144
16,0,19,0.7624850869178772,0.8487740755081177,-0.0199629236012697
16,0,20,0.7522346377372742,0.8449655771255493,-0.0169993583112955
16,0,21,0.5060619711875916,0.3350608944892883,-0.8361715078353882
16,0,22,0.5307269096374512,0.2895156145095825,-0.7932426333427429
16,0,23,0.526110827922821,0.3703014254570007,-0.6836634874343872
16,1,0,0.0,0.0,0.0
16,1,1,0.0,0.0,0.0
16,1,2,0.0,0.0,0.0
16,1,3,0.0,0.0,0.0
16,1,4,0.0,0.0,0.0
16,1,5,0.0,0.0,0.0
16,1,6,0.0,0.0,0.0
16,1,7,0.0,0.0,0.0
16,1,8,0.0,0.0,0.0
16,1,9,0.0,0.0,0.0
16,1,10,0.0,0.0,0.0
16,1,11,0.0,0.0,0.0
16,1,12,0.0,0.0,0.0
16,1,13,0.0,0.0,0.0
16,1,14,0.0,0.0,0.0
16,1,15,0.0,0.0,0.0
16,1,16,0.0,0.0,0.0
16,1,17,0.0,0.0,0.0
16,1,18,0.0,0.0,0.0
16,1,19,0.0,0.0,0.0
16,1,20,0.0,0.0,0.0
16,1,21,0.5060619711875916,0.3350608944892883,-0.8361715078353882
16,1,22,0.4587635695934295,0.2964726090431213,-0.8191725611686707
16,1,23,0.4748772978782654,0.373396635055542,-0.7164669632911682
23,0,0,0.8168752193450928,0.7280548214912415,2.925434614553524e-07
23,0,1,0.7732722163200378,0.7277262210845947,-0.0201691538095474
23,0,2,0.738355815410614,0.7523468732833862,-0.0317148752510547
23,0,3,0.7133831977844238,0.7801344990730286,-0.0381230935454368
23,0,4,0.692298173904419,0.797717273235321,-0.0426373295485973
23,0,5,0.7795982956886292,0.7916889786720276,-0.036538440734148
23,0,6,0.7525426745414734,0.834725558757782,-0.047383178025484
23,0,7,0.72944176197052,0.8501549959182739,-0.0510049611330032
23,0,8,0.7113193869590759,0.8569180369377136,-0.0522806420922279
23,0,9,0.8023168444633484,0.8062118887901306,-0.0289481598883867
23,0,10,0.764858603477478,0.8426907658576965,-0.0370999127626419
23,0,11,0.7412936091423035,0.8438829779624939,-0.0357566028833389
23,0,12,0.7272774577140808,0.8403120040893555,-0.0346776582300663
23,0,13,0.8165245056152344,0.8155824542045593,-0.0214800182729959
23,0,14,0.7766944169998169,0.8467875123023987,-0.0274644400924444
23,0,15,0.756657600402832,0.8437262773513794,-0.0235117096453905
23,0,16,0.7473998069763184,0.8374549150466919,-0.0210209563374519
23,0,17,0.8230510354042053,0.8211584091186523,-0.0156528390944004
23,0,18,0.7890329957008362,0.8455595374107361,-0.0214285124093294
23,0,19,0.7717008590698242,0.8424956798553467,-0.0196916963905096
23,0,20,0.7642518877983093,0.8364395499229431,-0.0174299925565719
23,0,21,0.5066601634025574,0.3248937726020813,-0.7598227262496948
23,0,22,0.5320718288421631,0.2804704308509826,-0.7136456966400146
23,0,23,0.5280780792236328,0.3626627922058105,-0.610157310962677
23,1,0,0.0,0.0,0.0
23,1,1,0.0,0.0,0.0
23,1,2,0.0,0.0,0.0
23,1,3,0.0,0.0,0.0
23,1,4,0.0,0.0,0.0
23,1,5,0.0,0.0,0.0
23,1,6,0.0,0.0,0.0
23,1,7,0.0,0.0,0.0
23,1,8,0.0,0.0,0.0
23,1,9,0.0,0.0,0.0
23,1,10,0.0,0.0,0.0
23,1,11,0.0,0.0,0.0
23,1,12,0.0,0.0,0.0
23,1,13,0.0,0.0,0.0
23,1,14,0.0,0.0,0.0
23,1,15,0.0,0.0,0.0
23,1,16,0.0,0.0,0.0
23,1,17,0.0,0.0,0.0
23,1,18,0.0,0.0,0.0
23,1,19,0.0,0.0,0.0
23,1,20,0.0,0.0,0.0
23,1,21,0.5066601634025574,0.3248937726020813,-0.7598227262496948
23,1,22,0.4597724974155426,0.2851503491401672,-0.7362958192825317
23,1,23,0.4749917984008789,0.3651082515716553,-0.6384422779083252
24,0,0,0.8163859248161316,0.7258505821228027,2.182092231350909e-07
24,0,1,0.7736687064170837,0.7281475067138672,-0.0176419224590063
24,0,2,0.7381828427314758,0.7540295720100403,-0.0271866377443075
24,0,3,0.7132426500320435,0.7813584208488464,-0.031926617026329
24,0,4,0.6938577890396118,0.7986922264099121,-0.034862995147705
24,0,5,0.7788069248199463,0.7942441701889038,-0.0326823480427265
24,0,6,0.7512381076812744,0.8362445831298828,-0.0413754768669605
24,0,7,0.7284353971481323,0.8504542708396912,-0.0439951345324516
24,0,8,0.7111497521400452,0.8565957546234131,-0.045061357319355
24,0,9,0.8013541102409363,0.8084287047386169,-0.0257049109786748
24,0,10,0.764230489730835,0.8422631621360779,-0.032707680016756
24,0,11,0.7445175647735596,0.836530864238739,-0.0312460996210575
24,0,12,0.7363049983978271,0.8270537257194519,-0.0301461275666952
24,0,13,0.8151599764823914,0.8166919350624084,-0.0185344815254211
24,0,14,0.7779672741889954,0.8453735113143921,-0.0229158364236354
24,0,15,0.7605763077735901,0.8383914828300476,-0.0184388123452663
24,0,16,0.7548587918281555,0.8289137482643127,-0.0158734675496816
24,0,17,0.821658194065094,0.8206349015235901,-0.0127583798021078
24,0,18,0.7899729609489441,0.8433298468589783,-0.0169150717556476
24,0,19,0.7746068239212036,0.838435709476471,-0.0145291229709982
24,0,20,0.7697629928588867,0.830341637134552,-0.0120646646246314
24,0,21,0.5081300139427185,0.323495090007782,-0.7719635963439941
24,0,22,0.5331527590751648,0.2790935635566711,-0.7256277799606323
24,0,23,0.5294910669326782,0.3615018129348755,-0.6223688721656799
24,1,0,0.0,0.0,0.0
24,1,1,0.0,0.0,0.0
24,1,2,0.0,0.0,0.0
24,1,3,0.0,0.0,0.0
24,1,4,0.0,0.0,0.0
24,1,5,0.0,0.0,0.0
24,1,6,0.0,0.0,0.0
24,1,7,0.0,0.0,0.0
24,1,8,0.0,0.0,0.0
24,1,9,0.0,0.0,0.0
24,1,10,0.0,0.0,0.0
24,1,11,0.0,0.0,0.0
24,1,12,0.0,0.0,0.0
24,1,13,0.0,0.0,0.0
24,1,14,0.0,0.0,0.0
24,1,15,0.0,0.0,0.0
24,1,16,0.0,0.0,0.0
24,1,17,0.0,0.0,0.0
24,1,18,0.0,0.0,0.0
24,1,19,0.0,0.0,0.0
24,1,20,0.0,0.0,0.0
24,1,21,0.5081300139427185,0.323495090007782,-0.7719635963439941
24,1,22,0.460732489824295,0.2845346927642822,-0.7479442358016968
24,1,23,0.4769586324691772,0.364172101020813,-0.6498993635177612
27,0,0,0.8137294054031372,0.7270918488502502,2.2616447381551565e-07
27,0,1,0.7715627551078796,0.7292138934135437,-0.018049543723464
27,0,2,0.736170768737793,0.754087507724762,-0.0285061709582805
27,0,3,0.7097311615943909,0.7809951305389404,-0.0341287665069103
27,0,4,0.6896097660064697,0.7996801137924194,-0.0379449129104614
27,0,5,0.7752239108085632,0.7955154180526733,-0.0324196889996528
27,0,6,0.7468234300613403,0.8362295627593994,-0.0413365289568901
27,0,7,0.7241443395614624,0.8507177233695984,-0.0443117879331111
27,0,8,0.7069126963615417,0.8585943579673767,-0.0457050018012523
27,0,9,0.7974491119384766,0.8100141882896423,-0.0256868731230497
27,0,10,0.759945809841156,0.8431949615478516,-0.0332589074969291
27,0,11,0.7415435314178467,0.8367380499839783,-0.0321171134710311
27,0,12,0.734454870223999,0.8273118734359741,-0.0311301127076149
27,0,13,0.8120618462562561,0.8187907934188843,-0.0188893415033817
27,0,14,0.7741453051567078,0.8469125628471375,-0.023943843320012
27,0,15,0.7576173543930054,0.8393474817276001,-0.0195240266621112
27,0,16,0.7525218725204468,0.8300493955612183,-0.0168802291154861
27,0,17,0.8194996118545532,0.8233506679534912,-0.0135131692513823
27,0,18,0.7877836227416992,0.8455445766448975,-0.0182373914867639
27,0,19,0.7729687094688416,0.8400084972381592,-0.015888012945652
27,0,20,0.7683982253074646,0.8322927951812744,-0.0133848013356328
27,0,21,0.5079688429832458,0.3284342885017395,-0.8383191823959351
27,0,22,0.530854344367981,0.2836098670959472,-0.7920233011245728
27,0,23,0.5245866775512695,0.365812599658966,-0.6835490465164185
27,1,0,0.0,0.0,0.0
27,1,1,0.0,0.0,0.0
27,1,2,0.0,0.0,0.0
27,1,3,0.0,0.0,0.0
27,1,4,0.0,0.0,0.0
27,1,5,0.0,0.0,0.0
27,1,6,0.0,0.0,0.0
27,1,7,0.0,0.0,0.0
27,1,8,0.0,0.0,0.0
27,1,9,0.0,0.0,0.0
27,1,10,0.0,0.0,0.0
27,1,11,0.0,0.0,0.0
27,1,12,0.0,0.0,0.0
27,1,13,0.0,0.0,0.0
27,1,14,0.0,0.0,0.0
27,1,15,0.0,0.0,0.0
27,1,16,0.0,0.0,0.0
27,1,17,0.0,0.0,0.0
27,1,18,0.0,0.0,0.0
27,1,19,0.0,0.0,0.0
27,1,20,0.0,0.0,0.0
27,1,21,0.5079688429832458,0.3284342885017395,-0.8383191823959351
27,1,22,0.4629429578781128,0.2866122126579284,-0.8178491592407227
27,1,23,0.4768191576004028,0.3678691387176513,-0.7164604067802429
30,0,0,0.8152869343757629,0.7290905714035034,2.222000432539062e-07
30,0,1,0.770919919013977,0.7286813855171204,-0.0198028404265642
30,0,2,0.7345213890075684,0.7545995712280273,-0.0305559262633323
30,0,3,0.7076717615127563,0.7829145193099976,-0.0360448099672794
30,0,4,0.6854528188705444,0.8002554774284363,-0.0397466383874416
30,0,5,0.7744944095611572,0.795429527759552,-0.0351176299154758
30,0,6,0.7472813129425049,0.8365212678909302,-0.0448312684893608
30,0,7,0.7239034175872803,0.8512590527534485,-0.0483148694038391
30,0,8,0.705730140209198,0.858502984046936,-0.0501806959509849
30,0,9,0.7968072295188904,0.8109003305435181,-0.0276492070406675
30,0,10,0.757542610168457,0.8430856466293335,-0.0362020805478096
30,0,11,0.737809956073761,0.8361943960189819,-0.0352182537317276
30,0,12,0.7302632331848145,0.8265529870986938,-0.0342851318418979
30,0,13,0.811104953289032,0.8198903203010559,-0.0202713198959827
30,0,14,0.7712002992630005,0.8472557067871094,-0.0261822845786809
30,0,15,0.7539275288581848,0.8388739824295044,-0.0220360364764928
30,0,16,0.7488605380058289,0.8291391134262085,-0.0195215810090303
30,0,17,0.818317711353302,0.8242058753967285,-0.0144703043624758
30,0,18,0.7844991087913513,0.845589280128479,-0.0200092140585184
30,0,19,0.7692000269889832,0.839426577091217,-0.0182760898023843
30,0,20,0.7647033929824829,0.8310215473175049,-0.016254935413599
30,0,21,0.5081703662872314,0.3341081142425537,-0.9765064716339112
30,0,22,0.5318395495414734,0.2894913554191589,-0.9297804832458496
30,0,23,0.5269836783409119,0.3694078326225281,-0.8078528046607971
30,1,0,0.0,0.0,0.0
30,1,1,0.0,0.0,0.0
30,1,2,0.0,0.0,0.0
30,1,3,0.0,0.0,0.0
30,1,4,0.0,0.0,0.0
30,1,5,0.0,0.0,0.0
30,1,6,0.0,0.0,0.0
30,1,7,0.0,0.0,0.0
30,1,8,0.0,0.0,0.0
30,1,9,0.0,0.0,0.0
30,1,10,0.0,0.0,0.0
30,1,11,0.0,0.0,0.0
30,1,12,0.0,0.0,0.0
30,1,13,0.0,0.0,0.0
30,1,14,0.0,0.0,0.0
30,1,15,0.0,0.0,0.0
30,1,16,0.0,0.0,0.0
30,1,17,0.0,0.0,0.0
30,1,18,0.0,0.0,0.0
30,1,19,0.0,0.0,0.0
30,1,20,0.0,0.0,0.0
30,1,21,0.5081703662872314,0.3341081142425537,-0.9765064716339112
30,1,22,0.4625334441661834,0.2932443022727966,-0.9566510915756226
30,1,23,0.4770835340023041,0.372355580329895,-0.8419657349586487
33,0,0,0.8108173608779907,0.7272418737411499,2.3539666926808425e-07
33,0,1,0.7683862447738647,0.7287555932998657,-0.0187388025224208
33,0,2,0.7338899374008179,0.7547742128372192,-0.0296033024787902
33,0,3,0.7080967426300049,0.7825749516487122,-0.0355219468474388
33,0,4,0.6859989762306213,0.7993329763412476,-0.0399524830281734
33,0,5,0.7729954719543457,0.795752763748169,-0.0344648361206054
33,0,6,0.7478063106536865,0.8362176418304443,-0.0441974885761737
33,0,7,0.7252339124679565,0.8508347868919373,-0.0481047555804252
33,0,8,0.7072316408157349,0.8583167195320129,-0.050299234688282
33,0,9,0.7954092025756836,0.8105791807174683,-0.0276628173887729
33,0,10,0.7594913244247437,0.8442095518112183,-0.0352144986391067
33,0,11,0.738063633441925,0.8397951126098633,-0.034250546246767
33,0,12,0.7277376651763916,0.8316068053245544,-0.0336910188198089
33,0,13,0.8105441331863403,0.8188238143920898,-0.0208703763782978
33,0,14,0.7738512754440308,0.8475836515426636,-0.0259162615984678
33,0,15,0.7557543516159058,0.8406025171279907,-0.0218453798443079
33,0,16,0.749180793762207,0.8313452005386353,-0.0196537654846906
33,0,17,0.8187261819839478,0.8223410248756409,-0.0155957359820604
33,0,18,0.7881360650062561,0.8453959226608276,-0.0205450560897588
33,0,19,0.7724085450172424,0.840512216091156,-0.0185227338224649
33,0,20,0.766731321811676,0.8330061435699463,-0.0164427887648344
33,0,21,0.5046398043632507,0.3250603079795837,-0.8728863596916199
33,0,22,0.5287734866142273,0.2818899750709533,-0.8225240707397461
33,0,23,0.5247281193733215,0.3624858856201172,-0.713057279586792
33,1,0,0.0,0.0,0.0
33,1,1,0.0,0.0,0.0
33,1,2,0.0,0.0,0.0
33,1,3,0.0,0.0,0.0
33,1,4,0.0,0.0,0.0
33,1,5,0.0,0.0,0.0
33,1,6,0.0,0.0,0.0
33,1,7,0.0,0.0,0.0
33,1,8,0.0,0.0,0.0
33,1,9,0.0,0.0,0.0
33,1,10,0.0,0.0,0.0
33,1,11,0.0,0.0,0.0
33,1,12,0.0,0.0,0.0
33,1,13,0.0,0.0,0.0
33,1,14,0.0,0.0,0.0
33,1,15,0.0,0.0,0.0
33,1,16,0.0,0.0,0.0
33,1,17,0.0,0.0,0.0
33,1,18,0.0,0.0,0.0
33,1,19,0.0,0.0,0.0
33,1,20,0.0,0.0,0.0
33,1,21,0.5046398043632507,0.3250603079795837,-0.8728863596916199
33,1,22,0.4577623605728149,0.2851714491844177,-0.8486500978469849
33,1,23,0.4724910259246826,0.3653448224067688,-0.7454615831375122
35,0,0,0.8131102323532104,0.7291120886802673,2.218283583488301e-07
35,0,1,0.7696340084075928,0.7283749580383301,-0.0192443840205669
35,0,2,0.7340226769447327,0.7541883587837219,-0.0302908755838871
35,0,3,0.707579493522644,0.782464861869812,-0.0363515615463256
35,0,4,0.6858083009719849,0.8008038997650146,-0.0406605824828147
35,0,5,0.7734677195549011,0.7934717535972595,-0.0353860929608345
35,0,6,0.7473505139350891,0.8361088633537292,-0.0452239252626895
35,0,7,0.7238311767578125,0.8510220646858215,-0.0479382202029228
35,0,8,0.7058954238891602,0.8576989769935608,-0.0490174777805805
35,0,9,0.7967281341552734,0.80904221534729,-0.0283139701932668
35,0,10,0.7579637765884399,0.8431024551391602,-0.0369031392037868
35,0,11,0.7390731573104858,0.8357377648353577,-0.0352053456008434
35,0,12,0.7328652739524841,0.8256568312644958,-0.0335912741720676
35,0,13,0.8113663196563721,0.8186116814613342,-0.0212547667324543
35,0,14,0.7717440128326416,0.8474339842796326,-0.0269922725856304
35,0,15,0.7549257278442383,0.8391603231430054,-0.0219887755811214
35,0,16,0.7509036064147949,0.8290988206863403,-0.0188046600669622
35,0,17,0.818733811378479,0.8237138390541077,-0.0157332085072994
35,0,18,0.7852782011032104,0.846638023853302,-0.0210911594331264
35,0,19,0.7703253626823425,0.8405841588973999,-0.0187938902527093
35,0,20,0.7668289542198181,0.832054078578949,-0.016257245093584
35,0,21,0.508338212966919,0.3303025364875793,-0.8829762935638428
35,0,22,0.5314177870750427,0.2857927680015564,-0.8337382078170776
35,0,23,0.5271620154380798,0.3658753633499145,-0.722608745098114
35,1,0,0.0,0.0,0.0
35,1,1,0.0,0.0,0.0
35,1,2,0.0,0.0,0.0
35,1,3,0.0,0.0,0.0
35,1,4,0.0,0.0,0.0
35,1,5,0.0,0.0,0.0
35,1,6,0.0,0.0,0.0
35,1,7,0.0,0.0,0.0
35,1,8,0.0,0.0,0.0
35,1,9,0.0,0.0,0.0
35,1,10,0.0,0.0,0.0
35,1,11,0.0,0.0,0.0
35,1,12,0.0,0.0,0.0
35,1,13,0.0,0.0,0.0
35,1,14,0.0,0.0,0.0
35,1,15,0.0,0.0,0.0
35,1,16,0.0,0.0,0.0
35,1,17,0.0,0.0,0.0
35,1,18,0.0,0.0,0.0
35,1,19,0.0,0.0,0.0
35,1,20,0.0,0.0,0.0
35,1,21,0.508338212966919,0.3303025364875793,-0.8829762935638428
35,1,22,0.462347149848938,0.2901801466941833,-0.8616759777069092
35,1,23,0.477259874343872,0.3697405457496643,-0.7577641606330872
36,0,0,0.8115507960319519,0.7301471829414368,2.449812370741711e-07
36,0,1,0.7672703862190247,0.7303404808044434,-0.0183080099523067
36,0,2,0.7309215068817139,0.7562842965126038,-0.0287539176642894
36,0,3,0.705429196357727,0.7839712500572205,-0.0339487455785274
36,0,4,0.684384822845459,0.8010626435279846,-0.037441000342369
36,0,5,0.7716250419616699,0.7944714426994324,-0.0365899987518787
36,0,6,0.7462583184242249,0.8366867303848267,-0.046486135572195
36,0,7,0.7236928343772888,0.8516858220100403,-0.0495690815150737
36,0,8,0.7057164907455444,0.8587408661842346,-0.0508889779448509
36,0,9,0.7953360676765442,0.8097778558731079,-0.0295908246189355
36,0,10,0.7567595839500427,0.8438394665718079,-0.0375996306538581
36,0,11,0.7363594770431519,0.8395233750343323,-0.0359740406274795
36,0,12,0.727483868598938,0.8314482569694519,-0.0347701646387577
36,0,13,0.8107538223266602,0.8191173076629639,-0.022323615849018
36,0,14,0.7707497477531433,0.8471829891204834,-0.0272526815533638
36,0,15,0.7532909512519836,0.8401071429252625,-0.0223142057657241
36,0,16,0.7479035258293152,0.8311867713928223,-0.019551983103156
36,0,17,0.8186444044113159,0.8237488865852356,-0.0165030509233474
36,0,18,0.7845298647880554,0.8457001447677612,-0.0210442468523979
36,0,19,0.769974410533905,0.8399404883384705,-0.0185713171958923
36,0,20,0.7663626670837402,0.8322072625160217,-0.0161804128438234
36,0,21,0.5084993839263916,0.328274130821228,-0.8996649980545044
36,0,22,0.5310664176940918,0.2820810079574585,-0.8533529043197632
36,0,23,0.5275444984436035,0.3638436794281006,-0.7404725551605225
36,1,0,0.0,0.0,0.0
36,1,1,0.0,0.0,0.0
36,1,2,0.0,0.0,0.0
36,1,3,0.0,0.0,0.0
36,1,4,0.0,0.0,0.0
36,1,5,0.0,0.0,0.0
36,1,6,0.0,0.0,0.0
36,1,7,0.0,0.0,0.0
36,1,8,0.0,0.0,0.0
36,1,9,0.0,0.0,0.0
36,1,10,0.0,0.0,0.0
36,1,11,0.0,0.0,0.0
36,1,12,0.0,0.0,0.0
36,1,13,0.0,0.0,0.0
36,1,14,0.0,0.0,0.0
36,1,15,0.0,0.0,0.0
36,1,16,0.0,0.0,0.0
36,1,17,0.0,0.0,0.0
36,1,18,0.0,0.0,0.0
36,1,19,0.0,0.0,0.0
36,1,20,0.0,0.0,0.0
36,1,21,0.5084993839263916,0.328274130821228,-0.8996649980545044
36,1,22,0.4625608921051025,0.2871870994567871,-0.8720309138298035
36,1,23,0.4777836799621582,0.3673495054244995,-0.7635942101478577
40,0,0,0.8125821352005005,0.7250394821166992,2.2316172021419334e-07
40,0,1,0.7690064311027527,0.7270067930221558,-0.0181795675307512
40,0,2,0.7331895232200623,0.753232479095459,-0.0284541472792625
40,0,3,0.7065090537071228,0.7814965844154358,-0.0341683998703956
40,0,4,0.6841622591018677,0.8006117343902588,-0.0381120145320892
40,0,5,0.7724723219871521,0.7947636246681213,-0.0305412579327821
40,0,6,0.7465970516204834,0.8368015289306641,-0.0392087697982788
40,0,7,0.724004328250885,0.8511220216751099,-0.0424153394997119
40,0,8,0.7062866687774658,0.8582019209861755,-0.0443202890455722
40,0,9,0.7946565747261047,0.809437096118927,-0.0240126270800828
40,0,10,0.7574988603591919,0.8420205116271973,-0.0311115588992834
40,0,11,0.7374531626701355,0.836417555809021,-0.0304987858980894
40,0,12,0.7291169166564941,0.8279334306716919,-0.0303367637097835
40,0,13,0.8094969391822815,0.8174864053726196,-0.0176938064396381
40,0,14,0.7717645764350891,0.8463002443313599,-0.0225624442100524
40,0,15,0.75389564037323,0.8394361138343811,-0.0186814870685338
40,0,16,0.747786283493042,0.8306348919868469,-0.0168179050087928
40,0,17,0.8176637291908264,0.8214632272720337,-0.012854210101068
40,0,18,0.786514163017273,0.8445794582366943,-0.0177295431494712
40,0,19,0.771054744720459,0.8395324945449829,-0.0156664531677961
40,0,20,0.765805721282959,0.8315977454185486,-0.0136220790445804
40,0,21,0.5050004124641418,0.3293488025665283,-0.7161678075790405
40,0,22,0.5298434495925903,0.2858473658561706,-0.6754058599472046
40,0,23,0.5232353210449219,0.3658085465431213,-0.5728448033332825
40,1,0,0.0,0.0,0.0
40,1,1,0.0,0.0,0.0
40,1,2,0.0,0.0,0.0
40,1,3,0.0,0.0,0.0
40,1,4,0.0,0.0,0.0
40,1,5,0.0,0.0,0.0
40,1,6,0.0,0.0,0.0
40,1,7,0.0,0.0,0.0
40,1,8,0.0,0.0,0.0
40,1,9,0.0,0.0,0.0
40,1,10,0.0,0.0,0.0
40,1,11,0.0,0.0,0.0
40,1,12,0.0,0.0,0.0
40,1,13,0.0,0.0,0.0
40,1,14,0.0,0.0,0.0
40,1,15,0.0,0.0,0.0
40,1,16,0.0,0.0,0.0
40,1,17,0.0,0.0,0.0
40,1,18,0.0,0.0,0.0
40,1,19,0.0,0.0,0.0
40,1,20,0.0,0.0,0.0
40,1,21,0.5050004124641418,0.3293488025665283,-0.7161678075790405
40,1,22,0.45948326587677,0.2884240746498108,-0.6947866678237915
40,1,23,0.4730028212070465,0.3681090474128723,-0.5969200730323792
41,0,0,0.8138979077339172,0.7272535562515259,2.646315238052921e-07
41,0,1,0.7698065638542175,0.7274959087371826,-0.0188215002417564
41,0,2,0.7334108948707581,0.7539490461349487,-0.0295313354581594
41,0,3,0.7062878608703613,0.7816188931465149,-0.0352526642382144
41,0,4,0.6824740171432495,0.7980905771255493,-0.039343774318695
41,0,5,0.7739683389663696,0.7959192991256714,-0.0347362421452999
41,0,6,0.7472601532936096,0.8384997248649597,-0.0448310859501361
41,0,7,0.723071813583374,0.8524063229560852,-0.0489934831857681
41,0,8,0.7035935521125793,0.8585090637207031,-0.051163014024496
41,0,9,0.7967509627342224,0.8105195164680481,-0.0276719238609075
41,0,10,0.7579314112663269,0.8442842364311218,-0.0357108376920223
41,0,11,0.7357388138771057,0.8391478061676025,-0.0350131541490554
41,0,12,0.7252656817436218,0.8296788930892944,-0.0345806628465652
41,0,13,0.8113783001899719,0.8187772631645203,-0.0205765254795551
41,0,14,0.771404504776001,0.8473111391067505,-0.0258998572826385
41,0,15,0.7527153491973877,0.8394454717636108,-0.0215182583779096
41,0,16,0.7459089159965515,0.8296692967414856,-0.0190401431173086
41,0,17,0.8184521794319153,0.8225342035293579,-0.0149759538471698
41,0,18,0.7847070097923279,0.8453320264816284,-0.0197839252650737
41,0,19,0.7689734101295471,0.8396091461181641,-0.0172660928219556
41,0,20,0.7638146281242371,0.8317053318023682,-0.0147810000926256
41,0,21,0.5016722679138184,0.3268446326255798,-0.8424813747406006
41,0,22,0.5278164744377136,0.2819644808769226,-0.7992950081825256
41,0,23,0.5200712084770203,0.3628103137016296,-0.6914363503456116
41,1,0,0.0,0.0,0.0
41,1,1,0.0,0.0,0.0
41,1,2,0.0,0.0,0.0
41,1,3,0.0,0.0,0.0
41,1,4,0.0,0.0,0.0
41,1,5,0.0,0.0,0.0
41,1,6,0.0,0.0,0.0
41,1,7,0.0,0.0,0.0
41,1,8,0.0,0.0,0.0
41,1,9,0.0,0.0,0.0
41,1,10,0.0,0.0,0.0
41,1,11,0.0,0.0,0.0
41,1,12,0.0,0.0,0.0
41,1,13,0.0,0.0,0.0
41,1,14,0.0,0.0,0.0
41,1,15,0.0,0.0,0.0
41,1,16,0.0,0.0,0.0
41,1,17,0.0,0.0,0.0
41,1,18,0.0,0.0,0.0
41,1,19,0.0,0.0,0.0
41,1,20,0.0,0.0,0.0
41,1,21,0.5016722679138184,0.3268446326255798,-0.8424813747406006
41,1,22,0.4584155678749084,0.2849438190460205,-0.8205344080924988
41,1,23,0.4691631197929382,0.3648123145103454,-0.7184591889381409
43,0,0,0.8107929825782776,0.7260743379592896,2.267886003437525e-07
43,0,1,0.7684771418571472,0.7283815741539001,-0.0173597522079944
43,0,2,0.7324678301811218,0.7553220391273499,-0.0269083548337221
43,0,3,0.7068049907684326,0.7824953198432922,-0.031904648989439
43,0,4,0.6845415830612183,0.7986733913421631,-0.035357542335987
43,0,5,0.7723517417907715,0.7970330119132996,-0.0300543941557407
43,0,6,0.7462665438652039,0.8369324803352356,-0.0387592613697052
43,0,7,0.7236230373382568,0.8508169651031494,-0.0424168966710567
43,0,8,0.7057822346687317,0.8581100106239319,-0.0445279143750667
43,0,9,0.7948529124259949,0.8102082014083862,-0.023717638105154
43,0,10,0.7588273286819458,0.8430827260017395,-0.0308349356055259
43,0,11,0.7389399409294128,0.8367592096328735,-0.0300697702914476
43,0,12,0.7307416796684265,0.8272156119346619,-0.0295806322246789
43,0,13,0.8099796772003174,0.8171401023864746,-0.0174591783434152
43,0,14,0.7737928628921509,0.8464369773864746,-0.0224141031503677
43,0,15,0.7559792995452881,0.8387483954429626,-0.0181842613965272
43,0,16,0.7502155900001526,0.8290396928787231,-0.015730183571577
43,0,17,0.8181691765785217,0.8199039101600647,-0.0125798229128122
43,0,18,0.7875446081161499,0.8441006541252136,-0.0171072334051132
43,0,19,0.772306501865387,0.8389517068862915,-0.014517119154334
43,0,20,0.7677631378173828,0.8310509324073792,-0.0120102874934673
43,0,21,0.5051016211509705,0.3245772123336792,-0.7764837145805359
43,0,22,0.5294018387794495,0.2797567844390869,-0.7271494269371033
43,0,23,0.5245067477226257,0.3601712584495544,-0.6243434548377991
43,1,0,0.0,0.0,0.0
43,1,1,0.0,0.0,0.0
43,1,2,0.0,0.0,0.0
43,1,3,0.0,0.0,0.0
43,1,4,0.0,0.0,0.0
43,1,5,0.0,0.0,0.0
43,1,6,0.0,0.0,0.0
43,1,7,0.0,0.0,0.0
43,1,8,0.0,0.0,0.0
43,1,9,0.0,0.0,0.0
43,1,10,0.0,0.0,0.0
43,1,11,0.0,0.0,0.0
43,1,12,0.0,0.0,0.0
43,1,13,0.0,0.0,0.0
43,1,14,0.0,0.0,0.0
43,1,15,0.0,0.0,0.0
43,1,16,0.0,0.0,0.0
43,1,17,0.0,0.0,0.0
43,1,18,0.0,0.0,0.0
43,1,19,0.0,0.0,0.0
43,1,20,0.0,0.0,0.0
43,1,21,0.5051016211509705,0.3245772123336792,-0.7764837145805359
43,1,22,0.4586129486560821,0.2843527793884277,-0.752295732498169
43,1,23,0.4724452197551727,0.3631901144981384,-0.6556094884872437
48,0,0,0.8109648823738098,0.7245159149169922,2.643592438289488e-07
48,0,1,0.7694087624549866,0.7243950366973877,-0.0197632275521755
48,0,2,0.7339622974395752,0.749812126159668,-0.0310999378561973
48,0,3,0.7076192498207092,0.778085470199585,-0.0370285212993621
48,0,4,0.6863411068916321,0.7967213988304138,-0.041102398186922
48,0,5,0.7748020887374878,0.7924008369445801,-0.0361785404384136
48,0,6,0.7470868229866028,0.8338918089866638,-0.046510636806488
48,0,7,0.7237274050712585,0.8482973575592041,-0.0505073554813861
48,0,8,0.7052051424980164,0.8556153178215027,-0.052626896649599
48,0,9,0.7971357703208923,0.808177649974823,-0.0287598613649606
48,0,10,0.7584747672080994,0.8416557908058167,-0.0371579714119434
48,0,11,0.7359937429428101,0.8382440209388733,-0.0364181846380233
48,0,12,0.7239904403686523,0.8308929204940796,-0.0359867140650749
48,0,13,0.8111526370048523,0.8178558945655823,-0.021389277651906
48,0,14,0.7714081406593323,0.8465332388877869,-0.0273142959922552
48,0,15,0.7509675621986389,0.8407580852508545,-0.0238281320780515
48,0,16,0.7417327165603638,0.8321813941001892,-0.0220177844166755
48,0,17,0.8177000284194946,0.8227720260620117,-0.0155295226722955
48,0,18,0.7843012809753418,0.8450014591217041,-0.0217363219708204
48,0,19,0.7668958902359009,0.8406004905700684,-0.0205816701054573
48,0,20,0.7591851949691772,0.8337607383728027,-0.0189137551933527
48,0,21,0.5066925883293152,0.3202563524246216,-0.752804696559906
48,0,22,0.5307677984237671,0.2764705419540405,-0.7029104232788086
48,0,23,0.5282567739486694,0.3595831990242004,-0.6013389229774475
48,1,0,0.0,0.0,0.0
48,1,1,0.0,0.0,0.0
48,1,2,0.0,0.0,0.0
48,1,3,0.0,0.0,0.0
48,1,4,0.0,0.0,0.0
48,1,5,0.0,0.0,0.0
48,1,6,0.0,0.0,0.0
48,1,7,0.0,0.0,0.0
48,1,8,0.0,0.0,0.0
48,1,9,0.0,0.0,0.0
48,1,10,0.0,0.0,0.0
48,1,11,0.0,0.0,0.0
48,1,12,0.0,0.0,0.0
48,1,13,0.0,0.0,0.0
48,1,14,0.0,0.0,0.0
48,1,15,0.0,0.0,0.0
48,1,16,0.0,0.0,0.0
48,1,17,0.0,0.0,0.0
48,1,18,0.0,0.0,0.0
48,1,19,0.0,0.0,0.0
48,1,20,0.0,0.0,0.0
48,1,21,0.5066925883293152,0.3202563524246216,-0.752804696559906
48,1,22,0.4582293629646301,0.2822719216346741,-0.7270914912223816
48,1,23,0.4748797118663788,0.3620104193687439,-0.6314961314201355
49,0,0,0.8129886984825134,0.727473258972168,2.567700505551329e-07
49,0,1,0.7710794806480408,0.7263054251670837,-0.0211816355586051
49,0,2,0.7349044680595398,0.7501140832901001,-0.033565703779459
49,0,3,0.7081678509712219,0.7770459055900574,-0.0401990339159965
49,0,4,0.6863216757774353,0.7936660647392273,-0.0449650511145591
49,0,5,0.7743632793426514,0.7923414707183838,-0.0405623540282249
49,0,6,0.7464269995689392,0.834477424621582,-0.0516406595706939
49,0,7,0.7228663563728333,0.8484710454940796,-0.0551657788455486
49,0,8,0.7041804790496826,0.8555465340614319,-0.0567681230604648
49,0,9,0.7969066500663757,0.8083497881889343,-0.0326020829379558
49,0,10,0.7567834854125977,0.8414307832717896,-0.0417718663811683
49,0,11,0.7359653115272522,0.8351715207099915,-0.0398597046732902
49,0,12,0.7262896299362183,0.8261458277702332,-0.0383169688284397
49,0,13,0.811099112033844,0.8183100819587708,-0.0246151071041822
49,0,14,0.7695200443267822,0.8451696038246155,-0.0308003071695566
49,0,15,0.7515688538551331,0.8368638157844543,-0.0257927253842353
49,0,16,0.7450531125068665,0.8275028467178345,-0.0228013452142477
49,0,17,0.8175792098045349,0.8234487175941467,-0.0183107145130634
49,0,18,0.782362699508667,0.8443103432655334,-0.0241387020796537
49,0,19,0.7675117254257202,0.8374741077423096,-0.0220250878483057
49,0,20,0.7630019187927246,0.8296617865562439,-0.0197099056094884
49,0,21,0.5013484954833984,0.3254742622375488,-0.826793909072876
49,0,22,0.5277848243713379,0.2828129529953003,-0.7800304889678955
49,0,23,0.5215170383453369,0.3622061610221863,-0.6718443632125854
49,1,0,0.0,0.0,0.0
49,1,1,0.0,0.0,0.0
49,1,2,0.0,0.0,0.0
49,1,3,0.0,0.0,0.0
49,1,4,0.0,0.0,0.0
49,1,5,0.0,0.0,0.0
49,1,6,0.0,0.0,0.0
49,1,7,0.0,0.0,0.0
49,1,8,0.0,0.0,0.0
49,1,9,0.0,0.0,0.0
49,1,10,0.0,0.0,0.0
49,1,11,0.0,0.0,0.0
49,1,12,0.0,0.0,0.0
49,1,13,0.0,0.0,0.0
49,1,14,0.0,0.0,0.0
49,1,15,0.0,0.0,0.0
49,1,16,0.0,0.0,0.0
49,1,17,0.0,0.0,0.0
49,1,18,0.0,0.0,0.0
49,1,19,0.0,0.0,0.0
49,1,20,0.0,0.0,0.0
49,1,21,0.5013484954833984,0.3254742622375488,-0.826793909072876
49,1,22,0.4561778306961059,0.2859482765197754,-0.801455557346344
49,1,23,0.4681819975376129,0.3645484447479248,-0.6989734768867493
