Frame,Hand,Landmark,X,Y,Z
2,0,0,0.2092375457286834,0.8012716174125671,4.347084825440106e-07
2,0,1,0.1873151510953903,0.7613437175750732,-0.0049740993417799
2,0,2,0.1629704087972641,0.7144128680229187,-0.0165662374347448
2,0,3,0.1559938639402389,0.677314817905426,-0.0288986396044492
2,0,4,0.156087264418602,0.6484614014625549,-0.0412445142865181
2,0,5,0.1204231530427932,0.7301418781280518,-0.0404287986457347
2,0,6,0.119755707681179,0.674120306968689,-0.06938386708498
2,0,7,0.1383477300405502,0.6375063061714172,-0.0859765857458114
2,0,8,0.1575067639350891,0.6152703762054443,-0.094629168510437
2,0,9,0.1337049603462219,0.7471743226051331,-0.0502243787050247
2,0,10,0.1347070783376693,0.6960805654525757,-0.0792589634656906
2,0,11,0.161478117108345,0.6569988131523132,-0.0898112133145332
2,0,12,0.1875197887420654,0.6311734914779663,-0.0947580561041832
2,0,13,0.1578133106231689,0.760948896408081,-0.0595833547413349
2,0,14,0.160615399479866,0.7151950597763062,-0.086843155324459
2,0,15,0.1877350956201553,0.6779301762580872,-0.0924286916851997
2,0,16,0.2131476551294326,0.6513102054595947,-0.0926617905497551
2,0,17,0.1872247904539108,0.7718525528907776,-0.0687960758805275
2,0,18,0.1954330503940582,0.7354720830917358,-0.0910241082310676
2,0,19,0.2139161825180053,0.7034229636192322,-0.0962082743644714
2,0,20,0.233147382736206,0.6772756576538086,-0.0966805517673492
2,1,0,0.0,0.0,0.0
2,1,1,0.0,0.0,0.0
2,1,2,0.0,0.0,0.0
2,1,3,0.0,0.0,0.0
2,1,4,0.0,0.0,0.0
2,1,5,0.0,0.0,0.0
2,1,6,0.0,0.0,0.0
2,1,7,0.0,0.0,0.0
2,1,8,0.0,0.0,0.0
2,1,9,0.0,0.0,0.0
2,1,10,0.0,0.0,0.0
2,1,11,0.0,0.0,0.0
2,1,12,0.0,0.0,0.0
2,1,13,0.0,0.0,0.0
2,1,14,0.0,0.0,0.0
2,1,15,0.0,0.0,0.0
2,1,16,0.0,0.0,0.0
2,1,17,0.0,0.0,0.0
2,1,18,0.0,0.0,0.0
2,1,19,0.0,0.0,0.0
2,1,20,0.0,0.0,0.0
5,0,0,0.9229657649993896,0.7793124318122864,3.183440639986657e-07
5,0,1,0.937824249267578,0.7670250535011292,-0.0242941845208406
5,0,2,0.9580544829368592,0.7555991411209106,-0.043669257313013
5,0,3,0.9652485847473145,0.7340878248214722,-0.0600357018411159
5,0,4,0.9646120071411132,0.7117083668708801,-0.0786583051085472
5,0,5,0.9672480225563048,0.8013381361961365,-0.0415984652936458
5,0,6,0.9759129881858826,0.817862331867218,-0.0590428747236728
5,0,7,0.9797130823135376,0.8263997435569763,-0.0726767405867576
5,0,8,0.9822030663490297,0.8338450193405151,-0.0817405059933662
5,0,9,0.9517560601234436,0.8216880559921265,-0.0399850085377693
5,0,10,0.9619497656822203,0.8490567803382874,-0.0524340160191059
5,0,11,0.9684752225875854,0.8684636950492859,-0.0618754625320434
5,0,12,0.9731546640396118,0.8846868276596069,-0.0699823200702667
5,0,13,0.9343470931053162,0.8320188522338867,-0.0398012995719909
5,0,14,0.9428462982177734,0.8592591285705566,-0.0512836650013923
5,0,15,0.949375331401825,0.8799826502799988,-0.0579885467886924
5,0,16,0.955040693283081,0.8981583714485168,-0.0633476451039314
5,0,17,0.9176074862480164,0.8334259390830994,-0.0412560813128948
5,0,18,0.9235100150108336,0.8548328280448914,-0.0490724258124828
5,0,19,0.9275954961776732,0.8719015717506409,-0.0499948859214782
5,0,20,0.9308780431747437,0.8863709568977356,-0.0515593998134136
5,1,0,0.0,0.0,0.0
5,1,1,0.0,0.0,0.0
5,1,2,0.0,0.0,0.0
5,1,3,0.0,0.0,0.0
5,1,4,0.0,0.0,0.0
5,1,5,0.0,0.0,0.0
5,1,6,0.0,0.0,0.0
5,1,7,0.0,0.0,0.0
5,1,8,0.0,0.0,0.0
5,1,9,0.0,0.0,0.0
5,1,10,0.0,0.0,0.0
5,1,11,0.0,0.0,0.0
5,1,12,0.0,0.0,0.0
5,1,13,0.0,0.0,0.0
5,1,14,0.0,0.0,0.0
5,1,15,0.0,0.0,0.0
5,1,16,0.0,0.0,0.0
5,1,17,0.0,0.0,0.0
5,1,18,0.0,0.0,0.0
5,1,19,0.0,0.0,0.0
5,1,20,0.0,0.0,0.0
6,0,0,0.2110293954610824,0.8390495777130127,3.485421302684699e-07
6,0,1,0.1784278005361557,0.8081958293914795,-0.0307930503040552
6,0,2,0.1508791148662567,0.7918434143066406,-0.0617356747388839
6,0,3,0.1271923929452896,0.7782920002937317,-0.0905659645795822
6,0,4,0.1060493439435958,0.7633479833602905,-0.1220308169722557
6,0,5,0.1294645220041275,0.8663759231567383,-0.0806089118123054
6,0,6,0.0998993217945098,0.8793097734451294,-0.1279079914093017
6,0,7,0.093012623488903,0.858187735080719,-0.1585467606782913
6,0,8,0.0947929769754409,0.8310268521308899,-0.1759303957223892
6,0,9,0.1579401344060897,0.8873406052589417,-0.0877733305096626
6,0,10,0.1318753808736801,0.9023011922836304,-0.1321334838867187
6,0,11,0.1246437951922416,0.8772291541099548,-0.1541626453399658
6,0,12,0.1276737004518509,0.8444721698760986,-0.1673416942358017
6,0,13,0.1927407085895538,0.8928229212760925,-0.0963068827986717
6,0,14,0.1892545521259308,0.8850322365760803,-0.1399343460798263
6,0,15,0.1913302689790725,0.8516122102737427,-0.1569028496742248
6,0,16,0.1966980993747711,0.8202886581420898,-0.1648116558790207
6,0,17,0.2295274436473846,0.8851911425590515,-0.1062927544116973
6,0,18,0.2431086301803589,0.8664519190788269,-0.1406808495521545
6,0,19,0.248237207531929,0.8380981683731079,-0.1525181531906128
6,0,20,0.2526236474514007,0.8111466765403748,-0.1588650941848755
6,1,0,0.0,0.0,0.0
6,1,1,0.0,0.0,0.0
6,1,2,0.0,0.0,0.0
6,1,3,0.0,0.0,0.0
6,1,4,0.0,0.0,0.0
6,1,5,0.0,0.0,0.0
6,1,6,0.0,0.0,0.0
6,1,7,0.0,0.0,0.0
6,1,8,0.0,0.0,0.0
6,1,9,0.0,0.0,0.0
6,1,10,0.0,0.0,0.0
6,1,11,0.0,0.0,0.0
6,1,12,0.0,0.0,0.0
6,1,13,0.0,0.0,0.0
6,1,14,0.0,0.0,0.0
6,1,15,0.0,0.0,0.0
6,1,16,0.0,0.0,0.0
6,1,17,0.0,0.0,0.0
6,1,18,0.0,0.0,0.0
6,1,19,0.0,0.0,0.0
6,1,20,0.0,0.0,0.0
8,0,0,0.8789857625961304,0.6821809411048889,1.0508933456776505e-07
8,0,1,0.8988116979598999,0.6356375813484192,-0.0143495704978704
8,0,2,0.9089760780334472,0.578119158744812,-0.0267502944916486
8,0,3,0.9112613797187804,0.5284495949745178,-0.0339845158159732
8,0,4,0.9100136160850524,0.4857626855373382,-0.0422157794237136
8,0,5,0.9390273690223694,0.5926010608673096,-0.0623944178223609
8,0,6,0.9514725804328918,0.5417389273643494,-0.0877102687954902
8,0,7,0.9387544393539428,0.5020051598548889,-0.1011545211076736
8,0,8,0.922925055027008,0.4725241959095001,-0.109299436211586
8,0,9,0.9144515991210938,0.6117985248565674,-0.0656291022896766
8,0,10,0.9242660403251648,0.5631973147392273,-0.0918276533484458
8,0,11,0.9017553329467772,0.5162815451622009,-0.1050670892000198
8,0,12,0.8806979060173035,0.4816567301750183,-0.1156108826398849
8,0,13,0.8826198577880859,0.6315539479255676,-0.0669663697481155
8,0,14,0.873741090297699,0.5859752893447876,-0.0913389027118682
8,0,15,0.8506740927696228,0.5439005494117737,-0.1031514257192611
8,0,16,0.832820475101471,0.5128243565559387,-0.1108704656362533
8,0,17,0.8445997834205627,0.6491565108299255,-0.0673309937119484
8,0,18,0.818422257900238,0.6094211935997009,-0.0921778082847595
8,0,19,0.7961568832397461,0.577316164970398,-0.1037265583872795
8,0,20,0.7802588939666748,0.5493759512901306,-0.1102952510118484
8,1,0,0.2203338742256164,0.8470929861068726,1.9026951747491694e-07
8,1,1,0.1836865246295929,0.8219627737998962,-0.0192672684788703
8,1,2,0.1527021378278732,0.8132724165916443,-0.0399787686765193
8,1,3,0.1270310282707214,0.8015580773353577,-0.0614063069224357
8,1,4,0.1052447706460952,0.783597469329834,-0.0853576436638832
8,1,5,0.1333436667919159,0.8816748261451721,-0.0494653657078743
8,1,6,0.1015731394290924,0.9065495729446412,-0.0849421098828315
8,1,7,0.0945060849189758,0.8889921307563782,-0.1104236990213394
8,1,8,0.0953240394592285,0.8631565570831299,-0.1260201036930084
8,1,9,0.1606186777353286,0.8981707096099854,-0.0585987530648708
8,1,10,0.1344867944717407,0.9327329397201538,-0.091921754181385
8,1,11,0.1283884942531585,0.908206343650818,-0.1108402535319328
8,1,12,0.1310604065656662,0.8761911392211914,-0.122491754591465
8,1,13,0.1945836842060089,0.9018239378929138,-0.0692462101578712
8,1,14,0.1822459995746612,0.9279510974884032,-0.1013571321964263
8,1,15,0.1784336268901825,0.8986423015594482,-0.1153562739491462
8,1,16,0.1808796226978302,0.8684591054916382,-0.1228384599089622
8,1,17,0.2302895039319992,0.8945724964141846,-0.0810643583536148
8,1,18,0.240829512476921,0.8975813984870911,-0.1091056913137435
8,1,19,0.2402107119560241,0.8736549615859985,-0.1201367601752281
8,1,20,0.2403632849454879,0.8486700057983398,-0.1265114843845367
10,0,0,0.8760464787483215,0.6914995312690735,8.134774986956472e-08
10,0,1,0.8979036211967468,0.6454553604125977,-0.0142335621640086
10,0,2,0.9090434312820436,0.5871440768241882,-0.0264426358044147
10,0,3,0.9116600155830384,0.5355358123779297,-0.0334212854504585
10,0,4,0.9090684652328492,0.4920037686824798,-0.0418172553181648
10,0,5,0.9373248219490052,0.606890082359314,-0.0651481375098228
10,0,6,0.9512137770652772,0.5516624450683594,-0.0889751315116882
10,0,7,0.9374091029167176,0.5088658928871155,-0.1007072925567627
10,0,8,0.9215068221092224,0.4770561456680298,-0.1080382391810417
10,0,9,0.9115346670150756,0.6263989210128784,-0.068177655339241
10,0,10,0.9218742847442628,0.572619616985321,-0.0922900438308715
10,0,11,0.8985456228256226,0.5227235555648804,-0.1033645719289779
10,0,12,0.8781534433364868,0.4856274724006653,-0.1129149869084358
10,0,13,0.8781228065490723,0.6453393697738647,-0.0691004768013954
10,0,14,0.8718625903129578,0.5947668552398682,-0.091533288359642
10,0,15,0.8477475643157959,0.5489864349365234,-0.1024816557765007
10,0,16,0.8296340703964233,0.5159638524055481,-0.1102895736694336
10,0,17,0.8395868539810181,0.6613225936889648,-0.0690811872482299
10,0,18,0.8164719343185425,0.6174743175506592,-0.0936915427446365
10,0,19,0.7949362397193909,0.5814054608345032,-0.1056197881698608
10,0,20,0.7794795632362366,0.5522303581237793,-0.1127279698848724
10,1,0,0.2452719211578369,0.7888879179954529,2.424116871679871e-07
10,1,1,0.1989612579345703,0.7633062601089478,-0.0138891842216253
10,1,2,0.152925357222557,0.7549682855606079,-0.0258097890764474
10,1,3,0.1229508891701698,0.7430439591407776,-0.0385023243725299
10,1,4,0.1102686002850532,0.7192074656486511,-0.0528140254318714
10,1,5,0.1294907629489898,0.8201373219490051,-0.0365405529737472
10,1,6,0.1034784764051437,0.8440046906471252,-0.0606959611177444
10,1,7,0.0974719673395156,0.8231689929962158,-0.0790989622473716
10,1,8,0.0998314246535301,0.7955321669578552,-0.0914362072944641
10,1,9,0.1586908102035522,0.8335464596748352,-0.0439180955290794
10,1,10,0.1408547312021255,0.8683537840843201,-0.0663546845316886
10,1,11,0.1310753375291824,0.8432552814483643,-0.0799112617969513
10,1,12,0.132177785038948,0.8092969655990601,-0.0904564261436462
10,1,13,0.1956861317157745,0.8387861847877502,-0.0523484423756599
10,1,14,0.1880226731300354,0.8646150231361389,-0.0788397192955017
10,1,15,0.1808257400989532,0.8360773324966431,-0.0936401039361953
10,1,16,0.1836135387420654,0.8026964664459229,-0.1029061526060104
10,1,17,0.2349593639373779,0.8360309600830078,-0.0615173727273941
10,1,18,0.2386853992938995,0.8344449996948242,-0.085986815392971
10,1,19,0.2370781600475311,0.8028275370597839,-0.0975041836500167
10,1,20,0.2399933487176895,0.7691236138343811,-0.1047110557556152
11,0,0,0.8863867521286011,0.7255452871322632,9.627061814398985e-08
11,0,1,0.9090396761894226,0.6768882870674133,-0.0149420127272605
11,0,2,0.9236596822738647,0.6195335388183594,-0.0279694367200136
11,0,3,0.9221011996269226,0.5671072602272034,-0.0363559648394584
11,0,4,0.91612446308136,0.5252097249031067,-0.0463780425488948
11,0,5,0.9478120803833008,0.6383429765701294,-0.0597651153802871
11,0,6,0.9588415622711182,0.5826461911201477,-0.0849731341004371
11,0,7,0.9434667825698853,0.5374926924705505,-0.0993488207459449
11,0,8,0.9260657429695128,0.5053660869598389,-0.1085369884967804
11,0,9,0.921094536781311,0.6578071117401123,-0.063721016049385
11,0,10,0.929067075252533,0.6073296070098877,-0.0867562815546989
11,0,11,0.9060866236686708,0.5580256581306458,-0.0991891026496887
11,0,12,0.8857266902923584,0.5220685601234436,-0.1104166954755783
11,0,13,0.8886539936065674,0.6785868406295776,-0.0661529228091239
11,0,14,0.8802996277809143,0.6290770769119263,-0.0874577462673187
11,0,15,0.8565910458564758,0.5824933648109436,-0.0974480062723159
11,0,16,0.8381814360618591,0.5487884879112244,-0.1055428385734558
11,0,17,0.8499222993850708,0.6979386806488037,-0.0680796355009079
11,0,18,0.823712944984436,0.6548266410827637,-0.0915810093283653
11,0,19,0.8014705777168274,0.6184526681900024,-0.1020012348890304
11,0,20,0.7859933376312256,0.5876256227493286,-0.1084862053394317
11,1,0,0.0,0.0,0.0
11,1,1,0.0,0.0,0.0
11,1,2,0.0,0.0,0.0
11,1,3,0.0,0.0,0.0
11,1,4,0.0,0.0,0.0
11,1,5,0.0,0.0,0.0
11,1,6,0.0,0.0,0.0
11,1,7,0.0,0.0,0.0
11,1,8,0.0,0.0,0.0
11,1,9,0.0,0.0,0.0
11,1,10,0.0,0.0,0.0
11,1,11,0.0,0.0,0.0
11,1,12,0.0,0.0,0.0
11,1,13,0.0,0.0,0.0
11,1,14,0.0,0.0,0.0
11,1,15,0.0,0.0,0.0
11,1,16,0.0,0.0,0.0
11,1,17,0.0,0.0,0.0
11,1,18,0.0,0.0,0.0
11,1,19,0.0,0.0,0.0
11,1,20,0.0,0.0,0.0
12,0,0,0.893412709236145,0.7706977725028992,1.2805193705389686e-07
12,0,1,0.9229459762573242,0.7322784066200256,-0.0123378979042172
12,0,2,0.9450471997261048,0.6756706237792969,-0.0248488634824752
12,0,3,0.9452548623085022,0.6250262260437012,-0.03273731097579
12,0,4,0.9381740689277648,0.587382435798645,-0.0435221306979656
12,0,5,0.9632507562637328,0.690962016582489,-0.0613131560385227
12,0,6,0.9634326100349426,0.6263129711151123,-0.0833520665764808
12,0,7,0.9479565024375916,0.5829262137413025,-0.0952683016657829
12,0,8,0.9308223724365234,0.5508657097816467,-0.1028231605887413
12,0,9,0.9335358142852784,0.7076305747032166,-0.0664955973625183
12,0,10,0.9311721324920654,0.6422551274299622,-0.0847322270274162
12,0,11,0.91532164812088,0.5989251136779785,-0.094406209886074
12,0,12,0.9022423624992372,0.5653559565544128,-0.1039832755923271
12,0,13,0.8959451913833618,0.7241505980491638,-0.0693027377128601
12,0,14,0.8829394578933716,0.6641402244567871,-0.0871811360120773
12,0,15,0.8659311532974243,0.6223620772361755,-0.0945780277252197
12,0,16,0.853110134601593,0.5902583599090576,-0.1011578142642974
12,0,17,0.8517860174179077,0.7376080751419067,-0.0709692239761352
12,0,18,0.8278793692588806,0.6863508224487305,-0.0903447717428207
12,0,19,0.8097371459007263,0.652612566947937,-0.0962123125791549
12,0,20,0.7967232465744019,0.6234427690505981,-0.0999698415398597
12,1,0,0.0,0.0,0.0
12,1,1,0.0,0.0,0.0
12,1,2,0.0,0.0,0.0
12,1,3,0.0,0.0,0.0
12,1,4,0.0,0.0,0.0
12,1,5,0.0,0.0,0.0
12,1,6,0.0,0.0,0.0
12,1,7,0.0,0.0,0.0
12,1,8,0.0,0.0,0.0
12,1,9,0.0,0.0,0.0
12,1,10,0.0,0.0,0.0
12,1,11,0.0,0.0,0.0
12,1,12,0.0,0.0,0.0
12,1,13,0.0,0.0,0.0
12,1,14,0.0,0.0,0.0
12,1,15,0.0,0.0,0.0
12,1,16,0.0,0.0,0.0
12,1,17,0.0,0.0,0.0
12,1,18,0.0,0.0,0.0
12,1,19,0.0,0.0,0.0
12,1,20,0.0,0.0,0.0
13,0,0,0.2295980602502823,0.7094043493270874,3.981353700055479e-07
13,0,1,0.200699433684349,0.6771183609962463,-0.0064187883399426
13,0,2,0.1799963414669037,0.6324238181114197,-0.0166349746286869
13,0,3,0.1709726154804229,0.5923459529876709,-0.0255876798182725
13,0,4,0.1725278198719024,0.5603164434432983,-0.0342810750007629
13,0,5,0.1712430119514465,0.6354407072067261,-0.0397248826920986
13,0,6,0.1517943739891052,0.5828907489776611,-0.0603950470685958
13,0,7,0.1517669409513473,0.5435699820518494,-0.0704010128974914
13,0,8,0.157671719789505,0.5125875473022461,-0.0747095271944999
13,0,9,0.1947274804115295,0.6343594193458557,-0.0456854738295078
13,0,10,0.1807283610105514,0.5746552348136902,-0.063542291522026
13,0,11,0.1844635903835296,0.5313770771026611,-0.0689384937286377
13,0,12,0.1939205229282379,0.5016953945159912,-0.0710694566369056
13,0,13,0.2275253534317016,0.6340970993041992,-0.0506813526153564
13,0,14,0.2280769348144531,0.5737685561180115,-0.0666989833116531
13,0,15,0.2360665798187255,0.5334727168083191,-0.0696976408362388
13,0,16,0.2451077103614807,0.5058367848396301,-0.0696051493287086
13,0,17,0.2640899121761322,0.6345202922821045,-0.0553679540753364
13,0,18,0.2697222828865051,0.5839838981628418,-0.0674139484763145
13,0,19,0.276403933763504,0.5485395193099976,-0.0682894363999366
13,0,20,0.2837877571582794,0.5212655663490295,-0.066789798438549
13,1,0,0.0,0.0,0.0
13,1,1,0.0,0.0,0.0
13,1,2,0.0,0.0,0.0
13,1,3,0.0,0.0,0.0
13,1,4,0.0,0.0,0.0
13,1,5,0.0,0.0,0.0
13,1,6,0.0,0.0,0.0
13,1,7,0.0,0.0,0.0
13,1,8,0.0,0.0,0.0
13,1,9,0.0,0.0,0.0
13,1,10,0.0,0.0,0.0
13,1,11,0.0,0.0,0.0
13,1,12,0.0,0.0,0.0
13,1,13,0.0,0.0,0.0
13,1,14,0.0,0.0,0.0
13,1,15,0.0,0.0,0.0
13,1,16,0.0,0.0,0.0
13,1,17,0.0,0.0,0.0
13,1,18,0.0,0.0,0.0
13,1,19,0.0,0.0,0.0
13,1,20,0.0,0.0,0.0
15,0,0,0.2464028000831604,0.607634425163269,4.698743509834458e-07
15,0,1,0.2182914912700653,0.575193464756012,-0.0068548182025551
15,0,2,0.2027932405471801,0.5319641828536987,-0.0195880103856325
15,0,3,0.203356847167015,0.4938832521438598,-0.0312715582549572
15,0,4,0.2100539356470108,0.4648538529872894,-0.0430526584386825
15,0,5,0.1904228776693344,0.5372465252876282,-0.0467853210866451
15,0,6,0.1795565038919448,0.4864574074745178,-0.0723957419395446
15,0,7,0.1846297979354858,0.4458510279655456,-0.0866247713565826
15,0,8,0.1935798823833465,0.4152726531028747,-0.0938952714204788
15,0,9,0.2141499072313308,0.5441580414772034,-0.0548308119177818
15,0,10,0.2075579911470413,0.4870238304138183,-0.0795427784323692
15,0,11,0.2165911793708801,0.440631628036499,-0.0893986374139785
15,0,12,0.2295619845390319,0.4084195792675018,-0.0940138921141624
15,0,13,0.2457976639270782,0.5501368641853333,-0.0616383180022239
15,0,14,0.2473106831312179,0.4948572218418121,-0.0821486860513687
15,0,15,0.2575664520263672,0.4518811702728271,-0.0879316106438636
15,0,16,0.2685190141201019,0.420841246843338,-0.089269034564495
15,0,17,0.2799215018749237,0.55500727891922,-0.0681658238172531
15,0,18,0.2895140945911407,0.510563850402832,-0.0822429582476615
15,0,19,0.2961874604225158,0.4789624214172363,-0.0844777375459671
15,0,20,0.303485631942749,0.4535373151302337,-0.0840052589774131
15,1,0,0.0,0.0,0.0
15,1,1,0.0,0.0,0.0
15,1,2,0.0,0.0,0.0
15,1,3,0.0,0.0,0.0
15,1,4,0.0,0.0,0.0
15,1,5,0.0,0.0,0.0
15,1,6,0.0,0.0,0.0
15,1,7,0.0,0.0,0.0
15,1,8,0.0,0.0,0.0
15,1,9,0.0,0.0,0.0
15,1,10,0.0,0.0,0.0
15,1,11,0.0,0.0,0.0
15,1,12,0.0,0.0,0.0
15,1,13,0.0,0.0,0.0
15,1,14,0.0,0.0,0.0
15,1,15,0.0,0.0,0.0
15,1,16,0.0,0.0,0.0
15,1,17,0.0,0.0,0.0
15,1,18,0.0,0.0,0.0
15,1,19,0.0,0.0,0.0
15,1,20,0.0,0.0,0.0
16,0,0,0.2432729750871658,0.610125720500946,5.356145038604154e-07
16,0,1,0.2168656438589096,0.578191876411438,-0.0069000641815364
16,0,2,0.2039239108562469,0.5351001024246216,-0.0205057952553033
16,0,3,0.2081095427274704,0.4982187151908874,-0.0328348353505134
16,0,4,0.2174111008644104,0.4718041121959686,-0.0453897155821323
16,0,5,0.1928699761629104,0.5388362407684326,-0.0497912019491195
16,0,6,0.1862345784902572,0.483877569437027,-0.0751962959766388
16,0,7,0.1914189755916595,0.4425455629825592,-0.0893167927861213
16,0,8,0.2004532516002655,0.4125126004219055,-0.0966879874467849
16,0,9,0.215924933552742,0.5479177236557007,-0.0582968369126319
16,0,10,0.2134716361761093,0.4881352484226227,-0.0842885076999664
16,0,11,0.2224241495132446,0.4406185746192932,-0.0950020849704742
16,0,12,0.2350304424762725,0.4088917970657348,-0.1001032665371894
16,0,13,0.2463442832231521,0.5563278198242188,-0.0652936995029449
16,0,14,0.2527615427970886,0.4969252943992615,-0.0865442156791687
16,0,15,0.264380544424057,0.452045202255249,-0.093536339700222
16,0,16,0.2752625048160553,0.4213408231735229,-0.0958214476704597
16,0,17,0.2784140110015869,0.5628766417503357,-0.0718488469719886
16,0,18,0.2927543520927429,0.5172820687294006,-0.0864006206393241
16,0,19,0.3001390695571899,0.4849354922771454,-0.0893138498067855
16,0,20,0.3071022927761078,0.4598376750946045,-0.0895032659173011
16,1,0,0.0,0.0,0.0
16,1,1,0.0,0.0,0.0
16,1,2,0.0,0.0,0.0
16,1,3,0.0,0.0,0.0
16,1,4,0.0,0.0,0.0
16,1,5,0.0,0.0,0.0
16,1,6,0.0,0.0,0.0
16,1,7,0.0,0.0,0.0
16,1,8,0.0,0.0,0.0
16,1,9,0.0,0.0,0.0
16,1,10,0.0,0.0,0.0
16,1,11,0.0,0.0,0.0
16,1,12,0.0,0.0,0.0
16,1,13,0.0,0.0,0.0
16,1,14,0.0,0.0,0.0
16,1,15,0.0,0.0,0.0
16,1,16,0.0,0.0,0.0
16,1,17,0.0,0.0,0.0
16,1,18,0.0,0.0,0.0
16,1,19,0.0,0.0,0.0
16,1,20,0.0,0.0,0.0
21,0,0,0.3209562599658966,0.8135613203048706,4.105751543193037e-07
21,0,1,0.3433010876178741,0.7771392464637756,-0.0209517441689968
21,0,2,0.3793354034423828,0.7553598284721375,-0.0402937233448028
21,0,3,0.4118852615356445,0.7622091770172119,-0.0543448217213153
21,0,4,0.4360098540782928,0.784753143787384,-0.0679908692836761
21,0,5,0.3259109854698181,0.7661995887756348,-0.0714472904801368
21,0,6,0.3813427984714508,0.7891932129859924,-0.0901612490415573
21,0,7,0.4171931147575378,0.8041276931762695,-0.0952062234282493
21,0,8,0.4438618123531341,0.8149228692054749,-0.0973875746130943
21,0,9,0.3041033446788788,0.8046514391899109,-0.0715791136026382
21,0,10,0.3704962134361267,0.8354834318161011,-0.0873975753784179
21,0,11,0.4169628024101257,0.8556414842605591,-0.0874973982572555
21,0,12,0.4515688121318817,0.8696321249008179,-0.0895992442965507
21,0,13,0.2926917970180511,0.8409070372581482,-0.0698614120483398
21,0,14,0.3522916734218597,0.8775585293769836,-0.0872663259506225
21,0,15,0.3932481408119201,0.8991377949714661,-0.0864533856511116
21,0,16,0.4231784641742706,0.911167562007904,-0.0859645083546638
21,0,17,0.2900952100753784,0.8711984753608704,-0.0681417733430862
21,0,18,0.3319295346736908,0.9023346304893494,-0.0832372978329658
21,0,19,0.3621975183486938,0.9195920825004578,-0.0828439369797706
21,0,20,0.3876873552799225,0.929177224636078,-0.0827248319983482
21,1,0,0.8150308132171631,0.642509937286377,1.2573543095584228e-08
21,1,1,0.8162240386009216,0.5894713997840881,-0.0030181331094354
21,1,2,0.7970027327537537,0.5327277183532715,-0.0142097631469368
21,1,3,0.7658511996269226,0.4948850274085998,-0.0241327844560146
21,1,4,0.7340415120124817,0.4731719493865967,-0.0366668365895748
21,1,5,0.8218554854393005,0.5194280743598938,-0.0482723638415336
21,1,6,0.7757073044776917,0.4632601737976074,-0.0714130997657775
21,1,7,0.73441082239151,0.4382664561271667,-0.0842545181512832
21,1,8,0.6999559998512268,0.4239029288291931,-0.0919879600405693
21,1,9,0.8114187121391296,0.5468734502792358,-0.058617927134037
21,1,10,0.7617861032485962,0.4918017089366913,-0.0796504244208335
21,1,11,0.7163655161857605,0.4694753587245941,-0.0889692232012748
21,1,12,0.6802982687950134,0.4587390124797821,-0.0960253402590751
21,1,13,0.7915008664131165,0.5827879309654236,-0.0664965882897377
21,1,14,0.7390099763870239,0.5407102704048157,-0.08452720195055
21,1,15,0.6960027813911438,0.5249132513999939,-0.0881124585866928
21,1,16,0.6648650765419006,0.5168136954307556,-0.0902334079146385
21,1,17,0.7656084299087524,0.6198142766952515,-0.0730408951640129
21,1,18,0.7248531579971313,0.5895450115203857,-0.0889976695179939
21,1,19,0.697109043598175,0.5752158164978027,-0.0901295617222786
21,1,20,0.6750339269638062,0.5659180283546448,-0.0895641222596168
22,0,0,0.306289404630661,0.8124306797981262,3.876431549088011e-07
22,0,1,0.3516534864902496,0.779578447341919,-0.0140626328065991
22,0,2,0.4153122007846832,0.7801815867424011,-0.0279633346945047
22,0,3,0.4602856040000915,0.805794894695282,-0.0369912721216678
22,0,4,0.4847562611103058,0.830987811088562,-0.0455447137355804
22,0,5,0.3914368152618408,0.7815561890602112,-0.0622207894921302
22,0,6,0.4560379683971405,0.8102614879608154,-0.0819846913218498
22,0,7,0.4935196042060852,0.8394491672515869,-0.0890273749828338
22,0,8,0.5198872089385986,0.8646278381347656,-0.0918658301234245
22,0,9,0.3671944737434387,0.8229889273643494,-0.0641736388206482
22,0,10,0.4353384375572204,0.8602230548858643,-0.0776375979185104
22,0,11,0.4758441746234894,0.8873811364173889,-0.0786047726869583
22,0,12,0.5043663382530212,0.9087866544723512,-0.080661617219448
22,0,13,0.3463996052742004,0.8622428774833679,-0.0642392635345459
22,0,14,0.4083259105682373,0.9049558639526368,-0.0752592906355857
22,0,15,0.4490832388401031,0.9293758273124696,-0.0745579823851585
22,0,16,0.4759542644023895,0.9432368278503418,-0.0742820799350738
22,0,17,0.3326320648193359,0.8954375982284546,-0.0642879828810691
22,0,18,0.3882476985454559,0.9282668828964232,-0.0741024613380432
22,0,19,0.4226208925247192,0.9416965246200562,-0.0731453746557235
22,0,20,0.4476332068443298,0.9470950365066528,-0.0718970224261283
22,1,0,0.7820435762405396,0.6072853803634644,-8.588799715880668e-08
22,1,1,0.7710387706756592,0.5559198260307312,-0.0006378674297593
22,1,2,0.7307929992675781,0.5053654313087463,-0.0118065727874636
22,1,3,0.6819453835487366,0.4833364486694336,-0.0222037937492132
22,1,4,0.6427417397499084,0.475429892539978,-0.0342276059091091
22,1,5,0.759107232093811,0.4804262220859527,-0.0428290478885173
22,1,6,0.7069392204284668,0.4315371811389923,-0.0672888979315757
22,1,7,0.659701943397522,0.4184306859970093,-0.0805978402495384
22,1,8,0.6221354007720947,0.4169747829437256,-0.0872630029916763
22,1,9,0.7541713714599609,0.5054553151130676,-0.0527346692979335
22,1,10,0.697272002696991,0.4589008688926697,-0.0730778127908706
22,1,11,0.6476578116416931,0.44871586561203,-0.0801568776369094
22,1,12,0.6105482578277588,0.4501180946826935,-0.0844420790672302
22,1,13,0.7398229241371155,0.5403321981430054,-0.0606409013271331
22,1,14,0.6753202676773071,0.5132229328155518,-0.077765829861164
22,1,15,0.6334233283996582,0.5104900598526001,-0.0795736610889434
22,1,16,0.6062444448471069,0.5132842063903809,-0.0788986310362815
22,1,17,0.7200214862823486,0.5777612328529358,-0.0671054273843765
22,1,18,0.6618788838386536,0.5596324801445007,-0.0802760869264602
22,1,19,0.6287707686424255,0.5556036233901978,-0.0804201662540435
22,1,20,0.604992151260376,0.5553370714187622,-0.0784583315253257
23,0,0,0.3563888967037201,0.8118187189102173,4.420421362283378e-07
23,0,1,0.4045619368553161,0.79280024766922,-0.0055911908857524
23,0,2,0.4598304331302643,0.8019372820854187,-0.0156758204102516
23,0,3,0.5016886591911316,0.8241206407546997,-0.0241802502423524
23,0,4,0.5305489301681519,0.8436235189437866,-0.0331789888441562
23,0,5,0.4593618810176849,0.8041051626205444,-0.0419753640890121
23,0,6,0.5106645226478577,0.8369826674461365,-0.0604986287653446
23,0,7,0.5390099883079529,0.8640198111534119,-0.0691260397434234
23,0,8,0.5578065514564514,0.888303279876709,-0.0733370035886764
23,0,9,0.4379861056804657,0.8342034220695496,-0.0491485521197319
23,0,10,0.4962337017059326,0.8758152723312378,-0.0643827766180038
23,0,11,0.5303131937980652,0.9088582992553712,-0.0704008191823959
23,0,12,0.5513112545013428,0.9378195405006408,-0.0744622647762298
23,0,13,0.4116779565811157,0.8661545515060425,-0.0545422099530696
23,0,14,0.4671879112720489,0.9110283255577089,-0.0682872384786605
23,0,15,0.4965861439704895,0.9407035708427428,-0.0713081136345863
23,0,16,0.5160015225410461,0.9638598561286926,-0.0727046281099319
23,0,17,0.3848477602005005,0.895197868347168,-0.0592750832438468
23,0,18,0.4249608516693115,0.9332945346832277,-0.0708933621644973
23,0,19,0.4508171379566192,0.9556136727333068,-0.0716478303074836
23,0,20,0.4713647067546844,0.9736081957817078,-0.0707686990499496
23,1,0,0.7358784675598145,0.5645986795425415,-1.827521245445496e-08
23,1,1,0.7137175798416138,0.5176945924758911,0.0003450338845141
23,1,2,0.667029857635498,0.4785124957561493,-0.0097589846700429
23,1,3,0.6199076175689697,0.4651997685432434,-0.0194359552115201
23,1,4,0.5837785005569458,0.4661142528057098,-0.0309184417128562
23,1,5,0.6879363059997559,0.4508849680423736,-0.0422141216695308
23,1,6,0.6226361989974976,0.4220928251743316,-0.0639130771160125
23,1,7,0.5736607313156128,0.4210190176963806,-0.0749630406498909
23,1,8,0.5369287133216858,0.4282304644584656,-0.0809956789016723
23,1,9,0.6856683492660522,0.4743970334529876,-0.0540199130773544
23,1,10,0.6140751838684082,0.4476355314254761,-0.0728527531027793
23,1,11,0.5598284602165222,0.4500878453254699,-0.0804623886942863
23,1,12,0.5211417078971863,0.458499550819397,-0.0861966833472251
23,1,13,0.6807398796081543,0.5111441016197205,-0.0633002072572708
23,1,14,0.6115718483924866,0.4936826229095459,-0.0796195790171623
23,1,15,0.5749863982200623,0.5012183785438538,-0.0814724713563919
23,1,16,0.554181694984436,0.5105750560760498,-0.0819422677159309
23,1,17,0.6736602783203125,0.5526002049446106,-0.07123364508152
23,1,18,0.6195681691169739,0.5442215800285339,-0.0856182500720024
23,1,19,0.5859982371330261,0.5452584028244019,-0.0868301019072532
23,1,20,0.5632121562957764,0.5498008131980896,-0.0862141698598861
27,0,0,0.5259596109390259,0.8014832139015198,2.465416457653191e-07
27,0,1,0.5780760645866394,0.7985933423042297,0.0115667600184679
27,0,2,0.6205875873565674,0.8234580755233765,0.0104327974840998
27,0,3,0.6435059905052185,0.8516285419464111,0.0043967966921627
27,0,4,0.6515812873840332,0.8796352744102478,-0.0016396134160459
27,0,5,0.6411798000335693,0.8269363045692444,0.0032321410253643
27,0,6,0.6728986501693726,0.8705090284347534,-0.0106290131807327
27,0,7,0.6806401014328003,0.9097110033035278,-0.0209668762981891
27,0,8,0.6780146360397339,0.9399831295013428,-0.0266452357172966
27,0,9,0.6349936127662659,0.839225172996521,-0.0102528203278779
27,0,10,0.6726707220077515,0.8819557428359985,-0.0200232826173305
27,0,11,0.6791062355041504,0.9199675917625428,-0.0251175221055746
27,0,12,0.6746659874916077,0.950089156627655,-0.0284238588064908
27,0,13,0.6204409599304199,0.8545655608177185,-0.0238425228744745
27,0,14,0.6580272912979126,0.8939407467842102,-0.0321666151285171
27,0,15,0.6660865545272827,0.9283912181854248,-0.0354875698685646
27,0,16,0.6629887819290161,0.9557923674583436,-0.0376629456877708
27,0,17,0.5985714793205261,0.8745144009590149,-0.0371053181588649
27,0,18,0.6193979382514954,0.91130393743515,-0.0408049561083316
27,0,19,0.6213691234588623,0.938166618347168,-0.0400713346898555
27,0,20,0.6174166202545166,0.959628701210022,-0.0394491255283355
27,1,0,0.473792165517807,0.5747049450874329,-1.2285761386010568e-07
27,1,1,0.4382488429546356,0.5578126907348633,0.0108663821592926
27,1,2,0.3895813524723053,0.5571703314781189,0.0115893734619021
27,1,3,0.3563390374183655,0.5713916420936584,0.0098064001649618
27,1,4,0.3379429578781128,0.5932899117469788,0.0070680798962712
27,1,5,0.370323121547699,0.5437211990356445,-0.0061228051781654
27,1,6,0.3112342953681946,0.5639084577560425,-0.0181488972157239
27,1,7,0.2807121872901916,0.5932769179344177,-0.0248269382864236
27,1,8,0.2642124891281128,0.6201095581054688,-0.028196845203638
27,1,9,0.3677783608436584,0.5553063750267029,-0.018829558044672
27,1,10,0.2972964942455292,0.5663328766822815,-0.0318033769726753
27,1,11,0.2664744555950165,0.5985119938850403,-0.0375168398022651
27,1,12,0.2508858442306518,0.6290925741195679,-0.0395132340490818
27,1,13,0.3723572194576263,0.5756531953811646,-0.0304219461977481
27,1,14,0.306187093257904,0.5931140780448914,-0.0424785166978836
27,1,15,0.2765331566333771,0.6231285333633423,-0.0496252663433551
27,1,16,0.2607092559337616,0.6488319635391235,-0.0529787801206111
27,1,17,0.3803316056728363,0.6036121845245361,-0.0401384234428405
27,1,18,0.334824651479721,0.6309137940406799,-0.0518696941435337
27,1,19,0.3120093047618866,0.6588316559791565,-0.0571205019950866
27,1,20,0.2976822257041931,0.6834667325019836,-0.0593049600720405
28,0,0,0.4372262358665466,0.6038230657577515,-1.3244532226508454e-07
28,0,1,0.3983168601989746,0.5953891277313232,0.0138589907437562
28,0,2,0.3541404902935028,0.6002312898635864,0.014641392044723
28,0,3,0.3252937495708465,0.616576075553894,0.0120955016463994
28,0,4,0.3096757233142853,0.6382333636283875,0.0086912140250206
28,0,5,0.337056815624237,0.585676372051239,-0.0024934895336627
28,0,6,0.2796095013618469,0.6083818078041077,-0.014343487098813
28,0,7,0.2523405849933624,0.6369597911834717,-0.0210540574043989
28,0,8,0.2384372353553772,0.6630248427391052,-0.024208890274167
28,0,9,0.3355961143970489,0.5950794219970703,-0.0167515538632869
28,0,10,0.2672363817691803,0.6079409718513489,-0.0295261889696121
28,0,11,0.2419139146804809,0.6420192718505859,-0.0343152359127998
28,0,12,0.2322689741849899,0.6737015247344971,-0.0352819673717021
28,0,13,0.3416217267513275,0.6130379438400269,-0.0298856515437364
28,0,14,0.2782667279243469,0.6333372592926025,-0.0407859161496162
28,0,15,0.2538380324840545,0.6657810807228088,-0.0462321639060974
28,0,16,0.243489921092987,0.6928689479827881,-0.048321533948183
28,0,17,0.3515093922615051,0.6392918825149536,-0.0410520173609256
28,0,18,0.3104652166366577,0.6711520552635193,-0.051070861518383
28,0,19,0.2901631593704223,0.699945867061615,-0.0552032440900802
28,0,20,0.2781257331371307,0.7246881127357483,-0.0566782504320144
28,1,0,0.5550413727760315,0.7854181528091431,3.694443933000002e-07
28,1,1,0.5924713611602783,0.7821727395057678,0.0072656506672501
28,1,2,0.6321700215339661,0.8018912672996521,0.004680071491748
28,1,3,0.6583559513092041,0.8247789740562439,-0.0014194416580721
28,1,4,0.6754708886146545,0.8453431129455566,-0.0074294698424637
28,1,5,0.6531813740730286,0.8015201091766357,-0.0064801615662872
28,1,6,0.6890478730201721,0.8418529629707336,-0.0210369378328323
28,1,7,0.7013101577758789,0.8795709609985352,-0.0292865261435508
28,1,8,0.7027968764305115,0.9084746837615968,-0.0323362536728382
28,1,9,0.6483972072601318,0.8092759251594543,-0.017608331516385
28,1,10,0.6913183927536011,0.8511340022087097,-0.0290385987609624
28,1,11,0.7023900747299194,0.8893651962280273,-0.0329317934811115
28,1,12,0.7007802724838257,0.9184160232543944,-0.0339000262320041
28,1,13,0.6348947882652283,0.8220974802970886,-0.028589304536581
28,1,14,0.6797724366188049,0.8593952655792236,-0.0384628288447856
28,1,15,0.6910539865493774,0.8952633142471313,-0.0415367074310779
28,1,16,0.6894024610519409,0.921743631362915,-0.041899736970663
28,1,17,0.6145298480987549,0.8398413062095642,-0.0391702987253665
28,1,18,0.645603597164154,0.8782123327255249,-0.0444695577025413
28,1,19,0.6503865122795105,0.9078356027603148,-0.0438035912811756
28,1,20,0.6459860801696777,0.929391622543335,-0.0421133376657962
31,0,0,0.4513866305351257,0.6264946460723877,-4.3424609685871474e-08
31,0,1,0.4164876341819763,0.6107068061828613,0.0085658123716712
31,0,2,0.3730525076389313,0.6111060380935669,0.0086533082649111
31,0,3,0.3430296182632446,0.6270236968994141,0.0064942366443574
31,0,4,0.3276082277297973,0.6478965878486633,0.003453874727711
31,0,5,0.3583836853504181,0.6019220948219299,-0.0056864954531192
31,0,6,0.3065375387668609,0.6235767602920532,-0.0181109271943569
31,0,7,0.2829118371009826,0.6518260836601257,-0.0250238701701164
31,0,8,0.274656593799591,0.6747434139251709,-0.0276640653610229
31,0,9,0.3576837182044983,0.6144487857818604,-0.0166652426123619
31,0,10,0.2966154813766479,0.6282822489738464,-0.0286258663982152
31,0,11,0.2749261856079101,0.6595933437347412,-0.0325787588953971
31,0,12,0.2696687877178192,0.687157928943634,-0.0328701473772525
31,0,13,0.364587664604187,0.6351626515388489,-0.0270514860749244
31,0,14,0.3098970651626587,0.6537925004959106,-0.0382742807269096
31,0,15,0.2901724874973297,0.6850483417510986,-0.0433314368128776
31,0,16,0.283609390258789,0.7096138000488281,-0.0448896437883377
31,0,17,0.3759647905826568,0.6626623868942261,-0.0358515046536922
31,0,18,0.3390742242336273,0.6871764659881592,-0.0461992360651493
31,0,19,0.3258314728736877,0.7130606174468994,-0.0494597777724266
31,0,20,0.3214301168918609,0.7354777455329895,-0.0500310622155666
31,1,0,0.5266900062561035,0.7612455487251282,2.944850336916716e-07
31,1,1,0.5610735416412354,0.7566465735435486,0.0111051779240369
31,1,2,0.6006211042404175,0.7665282487869263,0.0088455965742468
31,1,3,0.6257471442222595,0.7834805250167847,0.001560567645356
31,1,4,0.6430239677429199,0.8036099076271057,-0.0059633925557136
31,1,5,0.618831217288971,0.752785861492157,-0.0052867457270622
31,1,6,0.6686436533927917,0.7787136435508728,-0.021159216761589
31,1,7,0.6873637437820435,0.8125001788139343,-0.0301908440887928
31,1,8,0.6921305656433105,0.841342568397522,-0.0337592437863349
31,1,9,0.6179161667823792,0.759372353553772,-0.0198094043880701
31,1,10,0.6739591956138611,0.7844027280807495,-0.0339457765221595
31,1,11,0.6918131113052368,0.8220214247703552,-0.0399902947247028
31,1,12,0.692787230014801,0.8525644540786743,-0.0422848090529441
31,1,13,0.6103202700614929,0.7732669711112976,-0.033968761563301
31,1,14,0.6660160422325134,0.7975344061851501,-0.046297188848257
31,1,15,0.6814560294151306,0.8332972526550293,-0.0523272417485713
31,1,16,0.6817425489425659,0.861261785030365,-0.0550274029374122
31,1,17,0.5977035164833069,0.7947558760643005,-0.0472545586526393
31,1,18,0.634996771812439,0.8248192071914673,-0.055626094341278
31,1,19,0.6424423456192017,0.8523688912391663,-0.0575292706489563
31,1,20,0.6404328346252441,0.8731088638305664,-0.057843193411827
34,0,0,0.5458906888961792,0.6387603282928467,-1.3254262398731953e-07
34,0,1,0.5049296617507935,0.6270811557769775,0.0125735541805624
34,0,2,0.4589227437973022,0.6262903213500977,0.013939487747848
34,0,3,0.4293123483657837,0.6399981379508972,0.0114823738113045
34,0,4,0.4142623841762543,0.6622617244720459,0.0080479653552174
34,0,5,0.4385605156421661,0.6121234893798828,0.0009804299334064
34,0,6,0.3855786323547363,0.6362960934638977,-0.0115801803767681
34,0,7,0.3650004863739013,0.6670495271682739,-0.01935875415802
34,0,8,0.3602961599826813,0.690610408782959,-0.0221147425472736
34,0,9,0.4387199878692627,0.6246104836463928,-0.0112196132540702
34,0,10,0.3778371214866638,0.6427887678146362,-0.0215187054127454
34,0,11,0.3597716689109802,0.6757611632347107,-0.0256289672106504
34,0,12,0.3590306639671325,0.702913761138916,-0.0263427607715129
34,0,13,0.4464158713817596,0.6454731822013855,-0.022791689261794
34,0,14,0.3899057507514953,0.6662964224815369,-0.0321267843246459
34,0,15,0.3742946088314056,0.6974964737892151,-0.0361826866865158
34,0,16,0.373170793056488,0.7218971252441406,-0.0371347144246101
34,0,17,0.4586207866668701,0.6745471954345703,-0.032748956233263
34,0,18,0.4168014526367187,0.6956907510757446,-0.0400096215307712
34,0,19,0.4019794166088104,0.7199075222015381,-0.0414530411362648
34,0,20,0.3985664844512939,0.7418113946914673,-0.0409238636493682
34,1,0,0.4882048070430755,0.758213460445404,2.978960367272521e-07
34,1,1,0.5292556881904602,0.7438856363296509,0.0093492586165666
34,1,2,0.5708344578742981,0.7501322627067566,0.0074222111143171
34,1,3,0.5981987714767456,0.7678573727607727,0.00115041306708
34,1,4,0.6151153445243835,0.7883521318435669,-0.0047134729102253
34,1,5,0.5818689465522766,0.7402718663215637,-0.0015101863536983
34,1,6,0.6290860176086426,0.7631611824035645,-0.0154402526095509
34,1,7,0.6491687297821045,0.7926307320594788,-0.0244100578129291
34,1,8,0.6565769910812378,0.8177560567855835,-0.0288382545113563
34,1,9,0.581488847732544,0.7528899312019348,-0.0143641559407114
34,1,10,0.6368628144264221,0.7729789614677429,-0.0262502580881118
34,1,11,0.6564309597015381,0.8050552606582642,-0.0319019481539726
34,1,12,0.6613773703575134,0.8324058651924133,-0.0344101972877979
34,1,13,0.5751515626907349,0.7728298306465149,-0.0271145682781934
34,1,14,0.6281160712242126,0.7945606112480164,-0.0382222346961498
34,1,15,0.6445571184158325,0.8265292048454285,-0.0426918305456638
34,1,16,0.6489948630332947,0.8522336483001709,-0.0445402711629867
34,1,17,0.564145028591156,0.7993767261505127,-0.0394173525273799
34,1,18,0.5953735113143921,0.8279303908348083,-0.0474261380732059
34,1,19,0.6031869053840637,0.8512992858886719,-0.0486222729086875
34,1,20,0.6038075089454651,0.8702945709228516,-0.0483451820909976
37,0,0,0.5914387106895447,0.6518756151199341,-1.500294359857435e-07
37,0,1,0.5479025840759277,0.6340872049331665,0.0132547225803136
37,0,2,0.5003527402877808,0.6331855654716492,0.0138439573347568
37,0,3,0.4675844609737396,0.6479305028915405,0.0105585865676403
37,0,4,0.4489993751049042,0.6690223217010498,0.0055014230310916
37,0,5,0.4843835830688476,0.6221606731414795,-0.0038757976144552
37,0,6,0.4307239949703216,0.6481823921203613,-0.0182011909782886
37,0,7,0.407053530216217,0.678672730922699,-0.0269614942371845
37,0,8,0.3971107900142669,0.702452540397644,-0.0306181982159614
37,0,9,0.4876522421836853,0.6344707608222961,-0.0180022735148668
37,0,10,0.4238826036453247,0.6534074544906616,-0.0318400263786315
37,0,11,0.4028999805450439,0.6882724761962891,-0.0368594750761985
37,0,12,0.3990562856197357,0.7173076868057251,-0.0376694984734058
37,0,13,0.4982110559940338,0.655843198299408,-0.0310838632285594
37,0,14,0.4388231933116913,0.6781221628189087,-0.0430791787803173
37,0,15,0.4223034977912903,0.7109454870223999,-0.0468167811632156
37,0,16,0.419507086277008,0.7351905703544617,-0.0470114536583423
37,0,17,0.5128940939903259,0.684270977973938,-0.0423659197986125
37,0,18,0.469484269618988,0.7084409594535828,-0.0518819950520992
37,0,19,0.4536444544792175,0.7350538372993469,-0.0535875596106052
37,0,20,0.4487514793872833,0.7576085925102234,-0.0528507232666015
37,1,0,0.4659366905689239,0.7731968760490417,2.603468942652398e-07
37,1,1,0.5077036619186401,0.7564666867256165,0.0089486539363861
37,1,2,0.5512264966964722,0.75570148229599,0.00581790599972
37,1,3,0.5812737941741943,0.7678837776184082,-0.0014210143126547
37,1,4,0.6014971733093262,0.785262405872345,-0.0082175731658935
37,1,5,0.5642606019973755,0.743635356426239,-0.0054980367422103
37,1,6,0.6128363013267517,0.7641866207122803,-0.019037090241909
37,1,7,0.6286963224411011,0.7914357781410217,-0.0271275863051414
37,1,8,0.6330481171607971,0.8134506940841675,-0.0312011931091547
37,1,9,0.5620189905166626,0.7585052251815796,-0.0190885569900274
37,1,10,0.6217173933982849,0.7809692025184631,-0.0313604325056076
37,1,11,0.6395761370658875,0.8132220506668091,-0.0366912111639976
37,1,12,0.6431416273117065,0.8398770093917847,-0.0386649072170257
37,1,13,0.553304135799408,0.7804176211357117,-0.0321646556258201
37,1,14,0.6107863187789917,0.8056051731109619,-0.0433645062148571
37,1,15,0.6252222061157227,0.8375166654586792,-0.0460412688553333
37,1,16,0.628594696521759,0.8617907762527466,-0.0466386526823043
37,1,17,0.5392857789993286,0.8075251579284668,-0.0446138754487037
37,1,18,0.5750818848609924,0.8387214541435242,-0.0529117509722709
37,1,19,0.5840165615081787,0.8634005784988403,-0.0524473004043102
37,1,20,0.585384726524353,0.8822699189186096,-0.0507373213768005
39,0,0,0.4723249971866607,0.7717570066452026,3.339339116337215e-07
39,0,1,0.5104415416717529,0.7528132200241089,0.0061444961465895
39,0,2,0.5534655451774597,0.7533433437347412,0.0020209872163832
39,0,3,0.5830767154693604,0.7690681219100952,-0.0053640767000615
39,0,4,0.6022107601165771,0.788607656955719,-0.0123426094651222
39,0,5,0.5666072368621826,0.7436770796775818,-0.0091140968725085
39,0,6,0.6178758144378662,0.7685666084289551,-0.0233291499316692
39,0,7,0.6376702785491943,0.7980561852455139,-0.0316332317888736
39,0,8,0.6442135572433472,0.822702944278717,-0.0356851108372211
39,0,9,0.5643532872200012,0.7592862248420715,-0.0209071468561887
39,0,10,0.6250872611999512,0.7800015807151794,-0.03323869779706
39,0,11,0.644302487373352,0.8121820688247681,-0.0382853932678699
39,0,12,0.649020791053772,0.8393304944038391,-0.0400320179760456
39,0,13,0.5560643076896667,0.7818880677223206,-0.0321953520178794
39,0,14,0.613698422908783,0.8048291802406311,-0.0435934476554393
39,0,15,0.6291802525520325,0.8362603187561035,-0.0460290685296058
39,0,16,0.633700966835022,0.8605830669403076,-0.0463651269674301
39,0,17,0.543254554271698,0.8093229532241821,-0.0430741719901561
39,0,18,0.5783450603485107,0.8392387628555298,-0.0522644370794296
39,0,19,0.5880544781684875,0.8633230924606323,-0.052275501191616
39,0,20,0.5908896923065186,0.881772518157959,-0.0506032966077327
39,1,0,0.5887523293495178,0.6515641808509827,-1.354400183117832e-07
39,1,1,0.5496394634246826,0.633688747882843,0.0134736290201544
39,1,2,0.5048107504844666,0.63248211145401,0.0140889594331383
39,1,3,0.4717161357402801,0.6444414854049683,0.0109059726819396
39,1,4,0.4516717493534088,0.6630552411079407,0.0058574858121573
39,1,5,0.4881282150745392,0.6269885897636414,-0.0045352624729275
39,1,6,0.4332637190818786,0.6495047807693481,-0.0199464466422796
39,1,7,0.4082172513008117,0.6808590292930603,-0.029408635571599
39,1,8,0.3988925814628601,0.7058389782905579,-0.0332007072865963
39,1,9,0.4892752170562744,0.6396266222000122,-0.018958443775773
39,1,10,0.4241122007369995,0.6530391573905945,-0.0335480570793151
39,1,11,0.401108980178833,0.6880668997764587,-0.0384014844894409
39,1,12,0.396118551492691,0.7172287702560425,-0.0387522764503955
39,1,13,0.4980575144290924,0.6608418226242065,-0.0323566161096096
39,1,14,0.4362468421459198,0.6786500811576843,-0.0454289838671684
39,1,15,0.4188650846481323,0.7120914459228516,-0.0486807376146316
39,1,16,0.415981262922287,0.7366462349891663,-0.0481935068964958
39,1,17,0.5120313167572021,0.6882120370864868,-0.0438675507903099
39,1,18,0.4678975343704223,0.7109514474868774,-0.0549845658242702
39,1,19,0.4517303705215454,0.7377418875694275,-0.0568665266036987
39,1,20,0.4465844333171844,0.759881317615509,-0.0558513216674327
40,0,0,0.4730815589427948,0.767423689365387,3.307273175323644e-07
40,0,1,0.5122632384300232,0.7510483264923096,0.0096837887540459
40,0,2,0.5543592572212219,0.7535542249679565,0.0068995645269751
40,0,3,0.5818172693252563,0.7691154479980469,-0.0002020543761318
40,0,4,0.6000989079475403,0.7878724932670593,-0.0072325961664319
40,0,5,0.56654292345047,0.7427762746810913,-0.0057843071408569
40,0,6,0.6184077858924866,0.7672226428985596,-0.0197124909609556
40,0,7,0.6388975977897644,0.7974259257316589,-0.0279619842767715
40,0,8,0.6457167863845825,0.8226984739303589,-0.0318669043481349
40,0,9,0.5655469298362732,0.757590115070343,-0.0195246506482362
40,0,10,0.6267858743667603,0.7765560150146484,-0.0316771641373634
40,0,11,0.6472184062004089,0.809628963470459,-0.0373772494494915
40,0,12,0.651974081993103,0.8377655744552612,-0.0393951758742332
40,0,13,0.5580971240997314,0.7797614932060242,-0.0325001738965511
40,0,14,0.6159509420394897,0.800084114074707,-0.0437168776988983
40,0,15,0.6313523054122925,0.8319988250732422,-0.0472588799893856
40,0,16,0.634934663772583,0.8568686246871948,-0.0482973121106624
40,0,17,0.5459023714065552,0.8074129223823547,-0.0447715520858764
40,0,18,0.5806276798248291,0.8367164134979248,-0.054034050554037
40,0,19,0.5897757411003113,0.8612408638000488,-0.0546003803610801
40,0,20,0.5914027094841003,0.8802475929260254,-0.0532574467360973
40,1,0,0.5804399251937866,0.6478342413902283,-1.306962644775922e-07
40,1,1,0.5412324070930481,0.6331605911254883,0.0105817634612321
40,1,2,0.4963729977607727,0.6327472925186157,0.0099403718486428
40,1,3,0.46565842628479,0.6478878259658813,0.0063483323901891
40,1,4,0.4487601220607757,0.6696714758872986,0.0011269431561231
40,1,5,0.4806606769561767,0.6208349466323853,-0.0076951407827436
40,1,6,0.42751345038414,0.6477564573287964,-0.0227276496589183
40,1,7,0.4052940905094147,0.6795623898506165,-0.0319293029606342
40,1,8,0.3975959420204162,0.7043101787567139,-0.0356175005435943
40,1,9,0.48293137550354,0.6335919499397278,-0.0201927404850721
40,1,10,0.4199072122573852,0.6530377268791199,-0.0334101617336273
40,1,11,0.4002802670001983,0.6873631477355957,-0.0380461178719997
40,1,12,0.3968709409236908,0.7153241634368896,-0.0388370379805564
40,1,13,0.4923326969146728,0.6558265686035156,-0.0316604897379875
40,1,14,0.4346770644187927,0.6792439818382263,-0.0432880520820617
40,1,15,0.4195293188095093,0.7126142382621765,-0.0463669821619987
40,1,16,0.4169422388076782,0.7367561459541321,-0.0463621765375137
40,1,17,0.5057926774024963,0.6849581599235535,-0.0414703004062175
40,1,18,0.4653696417808532,0.7083256244659424,-0.0510740391910076
40,1,19,0.4504691660404205,0.7341657876968384,-0.0522546209394931
40,1,20,0.4459080994129181,0.7558621168136597,-0.0511776506900787
