Frame,Hand,Landmark,X,Y,Z
1,0,0,0.7868765592575073,0.4994291961193084,-1.57242666887214e-07
1,0,1,0.7824466228485107,0.4582918882369995,0.0034638326615095
1,0,2,0.7691225409507751,0.4172290861606598,-0.0001187808738905
1,0,3,0.7491167783737183,0.3952932953834533,-0.0062471609562635
1,0,4,0.7284711599349976,0.386854350566864,-0.0126791233196854
1,0,5,0.7814684510231018,0.3818512260913849,-0.0066608623601496
1,0,6,0.763319730758667,0.3343900144100189,-0.0176186021417379
1,0,7,0.7472139000892639,0.3077035844326019,-0.0221200697124004
1,0,8,0.7345970273017883,0.2861239910125732,-0.0256587658077478
1,0,9,0.7731711268424988,0.3894172310829162,-0.0153577150776982
1,0,10,0.7158140540122986,0.3752178251743316,-0.0306879766285419
1,0,11,0.7117116451263428,0.3977744281291961,-0.0292379539459943
1,0,12,0.7231274247169495,0.4091660380363464,-0.0262379683554172
1,0,13,0.7596548795700073,0.4057748913764953,-0.0240921452641487
1,0,14,0.7086359262466431,0.4041898548603058,-0.0368650592863559
1,0,15,0.71071457862854,0.4238836765289306,-0.0288215335458517
1,0,16,0.7237053513526917,0.4308057427406311,-0.0218590591102838
1,0,17,0.7450882196426392,0.4242628812789917,-0.0330693088471889
1,0,18,0.7081801891326904,0.4226782917976379,-0.0404536835849285
1,0,19,0.7070743441581726,0.4397009909152984,-0.0345614217221736
1,0,20,0.7146256566047668,0.4492121040821075,-0.0287165809422731
1,0,21,0.5230656862258911,0.3258578777313232,-0.8949520587921143
1,0,22,0.5535767078399658,0.2834200859069824,-0.8217216730117798
1,0,23,0.5405579805374146,0.3690715432167053,-0.7236501574516296
1,1,0,0.0,0.0,0.0
1,1,1,0.0,0.0,0.0
1,1,2,0.0,0.0,0.0
1,1,3,0.0,0.0,0.0
1,1,4,0.0,0.0,0.0
1,1,5,0.0,0.0,0.0
1,1,6,0.0,0.0,0.0
1,1,7,0.0,0.0,0.0
1,1,8,0.0,0.0,0.0
1,1,9,0.0,0.0,0.0
1,1,10,0.0,0.0,0.0
1,1,11,0.0,0.0,0.0
1,1,12,0.0,0.0,0.0
1,1,13,0.0,0.0,0.0
1,1,14,0.0,0.0,0.0
1,1,15,0.0,0.0,0.0
1,1,16,0.0,0.0,0.0
1,1,17,0.0,0.0,0.0
1,1,18,0.0,0.0,0.0
1,1,19,0.0,0.0,0.0
1,1,20,0.0,0.0,0.0
1,1,21,0.5230656862258911,0.3258578777313232,-0.8949520587921143
1,1,22,0.4812380075454712,0.2875239849090576,-0.8531968593597412
1,1,23,0.4919165670871734,0.3665914535522461,-0.766588032245636
2,0,0,0.7877675294876099,0.4995630979537964,-1.65816246067152e-07
2,0,1,0.7815230488777161,0.4583489894866943,0.0044073634780943
2,0,2,0.7657618522644043,0.415176510810852,0.0008902786648832
2,0,3,0.7449370622634888,0.3918117880821228,-0.0053567090071737
2,0,4,0.724909245967865,0.3819802105426788,-0.0119776930660009
2,0,5,0.7828962802886963,0.3814297318458557,-0.0058235977776348
2,0,6,0.7636321187019348,0.3349997103214264,-0.0166414286941289
2,0,7,0.7485800385475159,0.3077846467494964,-0.0215299576520919
2,0,8,0.736783504486084,0.2860512733459472,-0.0254277866333723
2,0,9,0.7752329111099243,0.3899450302124023,-0.0152225457131862
2,0,10,0.7200683355331421,0.3759795427322387,-0.0297672133892774
2,0,11,0.716344952583313,0.3964651525020599,-0.0285700615495443
2,0,12,0.7268326878547668,0.406823992729187,-0.0261905044317245
2,0,13,0.7620861530303955,0.4067857265472412,-0.0245699044317007
2,0,14,0.7120962142944336,0.4032078385353088,-0.0363456979393959
2,0,15,0.7143263220787048,0.4204107820987701,-0.0280426573008298
2,0,16,0.7266137003898621,0.4257897734642029,-0.0213383696973323
2,0,17,0.7471655607223511,0.4257739782333374,-0.034115731716156
2,0,18,0.7097022533416748,0.4218889772891998,-0.0405180156230926
2,0,19,0.7100933194160461,0.4371431767940521,-0.0339297913014888
2,0,20,0.7187499403953552,0.4449716210365295,-0.0278982874006032
2,0,21,0.5219858884811401,0.3248668313026428,-0.7980644702911377
2,0,22,0.5532190799713135,0.2800809144973755,-0.7270862460136414
2,0,23,0.5404661893844604,0.3689512014389038,-0.6344898343086243
2,1,0,0.0,0.0,0.0
2,1,1,0.0,0.0,0.0
2,1,2,0.0,0.0,0.0
2,1,3,0.0,0.0,0.0
2,1,4,0.0,0.0,0.0
2,1,5,0.0,0.0,0.0
2,1,6,0.0,0.0,0.0
2,1,7,0.0,0.0,0.0
2,1,8,0.0,0.0,0.0
2,1,9,0.0,0.0,0.0
2,1,10,0.0,0.0,0.0
2,1,11,0.0,0.0,0.0
2,1,12,0.0,0.0,0.0
2,1,13,0.0,0.0,0.0
2,1,14,0.0,0.0,0.0
2,1,15,0.0,0.0,0.0
2,1,16,0.0,0.0,0.0
2,1,17,0.0,0.0,0.0
2,1,18,0.0,0.0,0.0
2,1,19,0.0,0.0,0.0
2,1,20,0.0,0.0,0.0
2,1,21,0.5219858884811401,0.3248668313026428,-0.7980644702911377
2,1,22,0.4785394966602325,0.2857119441032409,-0.7580472826957703
2,1,23,0.4909850358963012,0.3666605949401855,-0.6764181852340698
3,0,0,0.7875307202339172,0.4963149130344391,-1.5566713784664898e-07
3,0,1,0.783657968044281,0.4553739428520202,0.0034950571134686
3,0,2,0.7695184946060181,0.4135206341743469,-0.0004230911144986
3,0,3,0.7480236887931824,0.3915103673934936,-0.0068352110683918
3,0,4,0.7267510890960693,0.3835397958755493,-0.0138143151998519
3,0,5,0.7828271389007568,0.3806073665618896,-0.0076582604087889
3,0,6,0.763214647769928,0.3341886401176452,-0.0184403005987405
3,0,7,0.7481302618980408,0.3068935573101043,-0.0231551826000213
3,0,8,0.7369005680084229,0.2849660515785217,-0.0269652176648378
3,0,9,0.7749804854393005,0.3890871107578277,-0.0164432972669601
3,0,10,0.7196835279464722,0.3760839104652405,-0.0312774665653705
3,0,11,0.7156826853752136,0.3966368436813354,-0.0301736481487751
3,0,12,0.7261247038841248,0.4069798588752746,-0.0277796126902103
3,0,13,0.761844277381897,0.4056838750839233,-0.0250981040298938
3,0,14,0.7118124961853027,0.4037855863571167,-0.036908533424139
3,0,15,0.7139349579811096,0.4212124347686767,-0.0288192257285118
3,0,16,0.7259511947631836,0.4269073605537414,-0.0222457107156515
3,0,17,0.7469699382781982,0.4243405163288116,-0.0339886248111724
3,0,18,0.7090222835540771,0.4220129549503326,-0.0403617545962333
3,0,19,0.7100131511688232,0.4375128149986267,-0.0339542143046855
3,0,20,0.7190389633178711,0.4453912079334259,-0.0280776806175708
3,0,21,0.5235593318939209,0.3246497511863708,-0.776359498500824
3,0,22,0.5525545477867126,0.2817256450653076,-0.7073821425437927
3,0,23,0.540576159954071,0.3665844798088074,-0.6137757301330566
3,1,0,0.0,0.0,0.0
3,1,1,0.0,0.0,0.0
3,1,2,0.0,0.0,0.0
3,1,3,0.0,0.0,0.0
3,1,4,0.0,0.0,0.0
3,1,5,0.0,0.0,0.0
3,1,6,0.0,0.0,0.0
3,1,7,0.0,0.0,0.0
3,1,8,0.0,0.0,0.0
3,1,9,0.0,0.0,0.0
3,1,10,0.0,0.0,0.0
3,1,11,0.0,0.0,0.0
3,1,12,0.0,0.0,0.0
3,1,13,0.0,0.0,0.0
3,1,14,0.0,0.0,0.0
3,1,15,0.0,0.0,0.0
3,1,16,0.0,0.0,0.0
3,1,17,0.0,0.0,0.0
3,1,18,0.0,0.0,0.0
3,1,19,0.0,0.0,0.0
3,1,20,0.0,0.0,0.0
3,1,21,0.5235593318939209,0.3246497511863708,-0.776359498500824
3,1,22,0.481964647769928,0.2856793403625488,-0.7390540838241577
3,1,23,0.4930264949798584,0.3641567230224609,-0.6568111777305603
4,0,0,0.7879997491836548,0.4993741810321808,-1.471073574066395e-07
4,0,1,0.7771762013435364,0.4582929611206054,0.0031054462306201
4,0,2,0.7602396011352539,0.4162260890007019,-0.0014069273602217
4,0,3,0.7400144934654236,0.3921787738800049,-0.0084457788616418
4,0,4,0.7216206789016724,0.3809950649738312,-0.0156257208436727
4,0,5,0.783176600933075,0.3808862268924713,-0.0062443814240396
4,0,6,0.7643970847129822,0.3341775834560394,-0.0177558064460754
4,0,7,0.7498489022254944,0.3066298961639404,-0.0231420490890741
4,0,8,0.7388268709182739,0.2841190695762634,-0.02738250605762
4,0,9,0.7759382724761963,0.3892991542816162,-0.0153624890372157
4,0,10,0.719213604927063,0.3758301138877868,-0.0313895083963871
4,0,11,0.7152896523475647,0.3978234231472015,-0.0307582672685384
4,0,12,0.7264626622200012,0.408344566822052,-0.0284197703003883
4,0,13,0.7626194953918457,0.405733048915863,-0.0246214382350444
4,0,14,0.711381196975708,0.4031918346881866,-0.0380018316209316
4,0,15,0.713496744632721,0.422363668680191,-0.0296604242175817
4,0,16,0.7263109683990479,0.428225040435791,-0.0224152598530054
4,0,17,0.7473993897438049,0.4243831932544708,-0.0341837629675865
4,0,18,0.7090550661087036,0.4216379821300506,-0.0416708104312419
4,0,19,0.7097197771072388,0.4383484721183777,-0.0351645983755588
4,0,20,0.7191960215568542,0.4467480778694153,-0.0288718529045581
4,0,21,0.5240448117256165,0.3255736827850342,-0.8168463706970215
4,0,22,0.5535063147544861,0.2822688221931457,-0.7472224831581116
4,0,23,0.5414007306098938,0.3677636981010437,-0.6497630476951599
4,1,0,0.0,0.0,0.0
4,1,1,0.0,0.0,0.0
4,1,2,0.0,0.0,0.0
4,1,3,0.0,0.0,0.0
4,1,4,0.0,0.0,0.0
4,1,5,0.0,0.0,0.0
4,1,6,0.0,0.0,0.0
4,1,7,0.0,0.0,0.0
4,1,8,0.0,0.0,0.0
4,1,9,0.0,0.0,0.0
4,1,10,0.0,0.0,0.0
4,1,11,0.0,0.0,0.0
4,1,12,0.0,0.0,0.0
4,1,13,0.0,0.0,0.0
4,1,14,0.0,0.0,0.0
4,1,15,0.0,0.0,0.0
4,1,16,0.0,0.0,0.0
4,1,17,0.0,0.0,0.0
4,1,18,0.0,0.0,0.0
4,1,19,0.0,0.0,0.0
4,1,20,0.0,0.0,0.0
4,1,21,0.5240448117256165,0.3255736827850342,-0.8168463706970215
4,1,22,0.48102867603302,0.2868321537971496,-0.7802432179450989
4,1,23,0.4931991398334503,0.3650997877120971,-0.6943892240524292
6,0,0,0.7886772155761719,0.5035638213157654,-1.556623914211741e-07
6,0,1,0.7751666307449341,0.4597055613994598,0.0040239016525447
6,0,2,0.7585577964782715,0.4176349341869354,-0.0003037202113773
6,0,3,0.7392842769622803,0.3931192755699157,-0.00754852918908
6,0,4,0.7214879989624023,0.3809084892272949,-0.0149777950718998
6,0,5,0.782223105430603,0.3821069598197937,-0.0042744195088744
6,0,6,0.7639480233192444,0.3354566991329193,-0.0152641041204333
6,0,7,0.7508329153060913,0.3076789379119873,-0.0208594277501106
6,0,8,0.7412974834442139,0.2841846644878387,-0.0255971327424049
6,0,9,0.7754027843475342,0.3902702331542969,-0.0139392269775271
6,0,10,0.7174347639083862,0.3766280710697174,-0.0297679603099823
6,0,11,0.7133595943450928,0.3990604877471924,-0.0293819848448038
6,0,12,0.7248273491859436,0.4108014106750488,-0.0274738669395446
6,0,13,0.7619847059249878,0.4065910577774048,-0.0238000079989433
6,0,14,0.7098717093467712,0.4050183594226837,-0.0368495769798755
6,0,15,0.7118837833404541,0.4243718087673187,-0.0289072450250387
6,0,16,0.7246690392494202,0.4315257370471954,-0.0223106928169727
6,0,17,0.7467281818389893,0.4250094890594482,-0.0340029224753379
6,0,18,0.7083390355110168,0.4235254526138305,-0.0415714122354984
6,0,19,0.7078332304954529,0.440697968006134,-0.0357489883899688
6,0,20,0.71589595079422,0.449910819530487,-0.0301993936300277
6,0,21,0.5206621885299683,0.3208205103874206,-0.7854052186012268
6,0,22,0.5524634718894958,0.2779754996299743,-0.7166706323623657
6,0,23,0.5396682620048523,0.365085244178772,-0.6269931793212891
6,1,0,0.0,0.0,0.0
6,1,1,0.0,0.0,0.0
6,1,2,0.0,0.0,0.0
6,1,3,0.0,0.0,0.0
6,1,4,0.0,0.0,0.0
6,1,5,0.0,0.0,0.0
6,1,6,0.0,0.0,0.0
6,1,7,0.0,0.0,0.0
6,1,8,0.0,0.0,0.0
6,1,9,0.0,0.0,0.0
6,1,10,0.0,0.0,0.0
6,1,11,0.0,0.0,0.0
6,1,12,0.0,0.0,0.0
6,1,13,0.0,0.0,0.0
6,1,14,0.0,0.0,0.0
6,1,15,0.0,0.0,0.0
6,1,16,0.0,0.0,0.0
6,1,17,0.0,0.0,0.0
6,1,18,0.0,0.0,0.0
6,1,19,0.0,0.0,0.0
6,1,20,0.0,0.0,0.0
6,1,21,0.5206621885299683,0.3208205103874206,-0.7854052186012268
6,1,22,0.4779230654239654,0.2835925221443176,-0.7477303147315979
6,1,23,0.4900057017803192,0.3631243109703064,-0.669604480266571
7,0,0,0.7888732552528381,0.5025972127914429,-1.5377747786260445e-07
7,0,1,0.7797399163246155,0.4579275846481323,0.0033795123454183
7,0,2,0.7627915143966675,0.4147842526435852,-0.000971938483417
7,0,3,0.741048276424408,0.3903731107711792,-0.0080838091671466
7,0,4,0.7215226888656616,0.3801779150962829,-0.0154577987268567
7,0,5,0.7824071645736694,0.3813378512859344,-0.0047831037081778
7,0,6,0.7640591263771057,0.3347524404525757,-0.01581372320652
7,0,7,0.7503128051757812,0.3071292042732239,-0.0210456866770982
7,0,8,0.7400416135787964,0.2840097546577453,-0.0254751965403556
7,0,9,0.7749046087265015,0.3899827301502228,-0.014110866934061
7,0,10,0.7172012329101562,0.3766654133796692,-0.0302670504897832
7,0,11,0.7136390209197998,0.3994425237178802,-0.0298104658722877
7,0,12,0.7253825068473816,0.4114000499248504,-0.0276862997561693
7,0,13,0.761087954044342,0.4068391025066376,-0.0236776359379291
7,0,14,0.7096017599105835,0.4050982594490051,-0.0376334115862846
7,0,15,0.7118422985076904,0.4248676598072052,-0.0300195012241601
7,0,16,0.7246759533882141,0.4325031042098999,-0.0232495795935392
7,0,17,0.745765745639801,0.4256693720817566,-0.0335165299475193
7,0,18,0.7078429460525513,0.4240476191043854,-0.0416713468730449
7,0,19,0.7073407173156738,0.4414089918136596,-0.0361672639846801
7,0,20,0.715288519859314,0.4510033726692199,-0.0306812729686498
7,0,21,0.5149427652359009,0.3250359892845154,-0.9068326354026794
7,0,22,0.5469036102294922,0.2818341255187988,-0.8375158905982971
7,0,23,0.5354828238487244,0.3692241311073303,-0.7377230525016785
7,1,0,0.0,0.0,0.0
7,1,1,0.0,0.0,0.0
7,1,2,0.0,0.0,0.0
7,1,3,0.0,0.0,0.0
7,1,4,0.0,0.0,0.0
7,1,5,0.0,0.0,0.0
7,1,6,0.0,0.0,0.0
7,1,7,0.0,0.0,0.0
7,1,8,0.0,0.0,0.0
7,1,9,0.0,0.0,0.0
7,1,10,0.0,0.0,0.0
7,1,11,0.0,0.0,0.0
7,1,12,0.0,0.0,0.0
7,1,13,0.0,0.0,0.0
7,1,14,0.0,0.0,0.0
7,1,15,0.0,0.0,0.0
7,1,16,0.0,0.0,0.0
7,1,17,0.0,0.0,0.0
7,1,18,0.0,0.0,0.0
7,1,19,0.0,0.0,0.0
7,1,20,0.0,0.0,0.0
7,1,21,0.5149427652359009,0.3250359892845154,-0.9068326354026794
7,1,22,0.4724095463752746,0.2875255346298218,-0.8652348518371582
7,1,23,0.4851926565170288,0.3684424161911011,-0.7756261229515076
8,0,0,0.7877321243286133,0.5028804540634155,-1.7152841280676514e-07
8,0,1,0.779697835445404,0.4584469199180603,0.0037308614701032
8,0,2,0.7620123624801636,0.4152047038078308,-0.0005024786805734
8,0,3,0.7397259473800659,0.3906886279582977,-0.0073059094138443
8,0,4,0.7203403115272522,0.3796562254428863,-0.0141779258847236
8,0,5,0.782798171043396,0.3823243379592895,-0.0053167301230132
8,0,6,0.7635149359703064,0.3355279266834259,-0.0172048788517713
8,0,7,0.7453157305717468,0.3101483285427093,-0.0228264275938272
8,0,8,0.7296259999275208,0.2909585237503052,-0.0270101726055145
8,0,9,0.7748057842254639,0.3913362920284271,-0.0145085509866476
8,0,10,0.7180718779563904,0.3774563372135162,-0.0302226897329092
8,0,11,0.7158229351043701,0.3983159363269806,-0.0294749531894922
8,0,12,0.7278348207473755,0.408333957195282,-0.0273306462913751
8,0,13,0.7606923580169678,0.4077723622322082,-0.0239407550543546
8,0,14,0.7096811532974243,0.4037859439849853,-0.0370953828096389
8,0,15,0.7129788994789124,0.4220134615898132,-0.029091814532876
8,0,16,0.7263611555099487,0.4278305768966675,-0.0223112292587757
8,0,17,0.7446969747543335,0.4257829785346985,-0.0336122140288353
8,0,18,0.7073549628257751,0.4228531122207641,-0.0410485416650772
8,0,19,0.7086259722709656,0.4393430054187774,-0.0350092910230159
8,0,20,0.7178717851638794,0.447397232055664,-0.0292262341827154
8,0,21,0.5190196633338928,0.3245019912719726,-0.8663235902786255
8,0,22,0.5512102842330933,0.279511034488678,-0.7999686598777771
8,0,23,0.5371351838111877,0.36835777759552,-0.707133412361145
8,1,0,0.0,0.0,0.0
8,1,1,0.0,0.0,0.0
8,1,2,0.0,0.0,0.0
8,1,3,0.0,0.0,0.0
8,1,4,0.0,0.0,0.0
8,1,5,0.0,0.0,0.0
8,1,6,0.0,0.0,0.0
8,1,7,0.0,0.0,0.0
8,1,8,0.0,0.0,0.0
8,1,9,0.0,0.0,0.0
8,1,10,0.0,0.0,0.0
8,1,11,0.0,0.0,0.0
8,1,12,0.0,0.0,0.0
8,1,13,0.0,0.0,0.0
8,1,14,0.0,0.0,0.0
8,1,15,0.0,0.0,0.0
8,1,16,0.0,0.0,0.0
8,1,17,0.0,0.0,0.0
8,1,18,0.0,0.0,0.0
8,1,19,0.0,0.0,0.0
8,1,20,0.0,0.0,0.0
8,1,21,0.5190196633338928,0.3245019912719726,-0.8663235902786255
8,1,22,0.4764971435070038,0.2840805649757385,-0.824637234210968
8,1,23,0.4871972501277923,0.366244375705719,-0.7414268851280212
10,0,0,0.7883844971656799,0.4999492466449737,-2.8139882601863064e-07
10,0,1,0.7863172292709351,0.4549925029277801,0.0120771760120987
10,0,2,0.7734774351119995,0.4126357436180115,0.0112703014165163
10,0,3,0.7528862953186035,0.3930345177650451,0.0058746635913848
10,0,4,0.7313744425773621,0.3871575891971588,0.0006708996952511
10,0,5,0.782507061958313,0.380723088979721,0.0024309440050274
10,0,6,0.7698928713798523,0.330808162689209,-0.0115576842799782
10,0,7,0.7456148266792297,0.3231130540370941,-0.0172473974525928
10,0,8,0.7303760647773743,0.3346178531646728,-0.0179746877402067
10,0,9,0.7732310891151428,0.3889230489730835,-0.0090245967730879
10,0,10,0.7163114547729492,0.3743623793125152,-0.0196767542511224
10,0,11,0.7125240564346313,0.3961419463157654,-0.0157419070601463
10,0,12,0.7262471318244934,0.4080119729042053,-0.01181201916188
10,0,13,0.759501039981842,0.4053294360637665,-0.0208607856184244
10,0,14,0.7078820466995239,0.4033958613872528,-0.0268616061657667
10,0,15,0.7099938988685608,0.4226710498332977,-0.0170961488038301
10,0,16,0.7239812016487122,0.4287290275096893,-0.0108131552115082
10,0,17,0.7442986965179443,0.4234066307544708,-0.0324398279190063
10,0,18,0.7069036960601807,0.4221827983856201,-0.0342450067400932
10,0,19,0.707265317440033,0.4392526745796203,-0.0263229515403509
10,0,20,0.7172495722770691,0.4471268951892853,-0.0199314318597316
10,0,21,0.520550012588501,0.3174254298210144,-0.7161227464675903
10,0,22,0.5514616370201111,0.2761792540550232,-0.6517953872680664
10,0,23,0.5403359532356262,0.3585250973701477,-0.5680465698242188
10,1,0,0.0,0.0,0.0
10,1,1,0.0,0.0,0.0
10,1,2,0.0,0.0,0.0
10,1,3,0.0,0.0,0.0
10,1,4,0.0,0.0,0.0
10,1,5,0.0,0.0,0.0
10,1,6,0.0,0.0,0.0
10,1,7,0.0,0.0,0.0
10,1,8,0.0,0.0,0.0
10,1,9,0.0,0.0,0.0
10,1,10,0.0,0.0,0.0
10,1,11,0.0,0.0,0.0
10,1,12,0.0,0.0,0.0
10,1,13,0.0,0.0,0.0
10,1,14,0.0,0.0,0.0
10,1,15,0.0,0.0,0.0
10,1,16,0.0,0.0,0.0
10,1,17,0.0,0.0,0.0
10,1,18,0.0,0.0,0.0
10,1,19,0.0,0.0,0.0
10,1,20,0.0,0.0,0.0
10,1,21,0.520550012588501,0.3174254298210144,-0.7161227464675903
10,1,22,0.4818808734416961,0.2821755409240722,-0.6836556792259216
10,1,23,0.4918102622032165,0.360026478767395,-0.6112843751907349
11,0,0,0.7886800169944763,0.4986390769481659,-3.317977927963512e-07
11,0,1,0.7866467237472534,0.4546038508415222,0.0102066192775964
11,0,2,0.7744680643081665,0.4123081266880035,0.0096764313057065
11,0,3,0.7547556161880493,0.3922532796859741,0.0049444651231169
11,0,4,0.7340623140335083,0.3844115436077118,0.0010372602846473
11,0,5,0.7833273410797119,0.3784670829772949,0.0016810151282697
11,0,6,0.7703693509101868,0.3303319215774536,-0.0112075889483094
11,0,7,0.7454090118408203,0.330938309431076,-0.0152451358735561
11,0,8,0.7328813672065735,0.34952312707901,-0.0149123379960656
11,0,9,0.7740504741668701,0.3871144652366638,-0.0085137318819761
11,0,10,0.7167364358901978,0.3740979135036468,-0.0192679930478334
11,0,11,0.7134345173835754,0.3974391222000122,-0.0146085508167743
11,0,12,0.7283375859260559,0.4091472625732422,-0.0098493807017803
11,0,13,0.7607821822166443,0.4036203026771545,-0.0192609000951051
11,0,14,0.7084708213806152,0.4036179482936859,-0.0253029074519872
11,0,15,0.7112921476364136,0.4234025478363037,-0.0155205018818378
11,0,16,0.7260330319404602,0.4294543862342834,-0.0089673558250069
11,0,17,0.7465034127235413,0.4221906363964081,-0.0298965740948915
11,0,18,0.7086963057518005,0.4219149649143219,-0.0321617908775806
11,0,19,0.7088772058486938,0.4385958611965179,-0.024630419909954
11,0,20,0.7189542055130005,0.4466181993484497,-0.0182056352496147
11,0,21,0.5240110754966736,0.3189398646354675,-0.7304821014404297
11,0,22,0.5513727068901062,0.279679000377655,-0.6660345792770386
11,0,23,0.5443145036697388,0.360227108001709,-0.5806378126144409
11,1,0,0.0,0.0,0.0
11,1,1,0.0,0.0,0.0
11,1,2,0.0,0.0,0.0
11,1,3,0.0,0.0,0.0
11,1,4,0.0,0.0,0.0
11,1,5,0.0,0.0,0.0
11,1,6,0.0,0.0,0.0
11,1,7,0.0,0.0,0.0
11,1,8,0.0,0.0,0.0
11,1,9,0.0,0.0,0.0
11,1,10,0.0,0.0,0.0
11,1,11,0.0,0.0,0.0
11,1,12,0.0,0.0,0.0
11,1,13,0.0,0.0,0.0
11,1,14,0.0,0.0,0.0
11,1,15,0.0,0.0,0.0
11,1,16,0.0,0.0,0.0
11,1,17,0.0,0.0,0.0
11,1,18,0.0,0.0,0.0
11,1,19,0.0,0.0,0.0
11,1,20,0.0,0.0,0.0
11,1,21,0.5240110754966736,0.3189398646354675,-0.7304821014404297
11,1,22,0.4834896028041839,0.2864551544189453,-0.703124463558197
11,1,23,0.4967720806598663,0.3622698783874511,-0.6313753128051758
12,0,0,0.7908319234848022,0.5040878057479858,-3.257688376834267e-07
12,0,1,0.7846996188163757,0.458256334066391,0.0128579065203666
12,0,2,0.7726327180862427,0.415103018283844,0.0123433861881494
12,0,3,0.7554831504821777,0.3939424455165863,0.0069003691896796
12,0,4,0.7370464205741882,0.3833585381507873,0.0018556674476712
12,0,5,0.7840481996536255,0.3809661567211151,0.0039391033351421
12,0,6,0.7709738612174988,0.3309204876422882,-0.0098323160782456
12,0,7,0.7471605539321899,0.3255321979522705,-0.0157917663455009
12,0,8,0.733253538608551,0.3399929106235504,-0.0167893171310424
12,0,9,0.7755349278450012,0.3895325660705566,-0.0078548714518547
12,0,10,0.71648770570755,0.3748465478420257,-0.0183326210826635
12,0,11,0.7136972546577454,0.3967069685459137,-0.0149656906723976
12,0,12,0.7287014126777649,0.4089833498001098,-0.0116474796086549
12,0,13,0.7626928091049194,0.4058479368686676,-0.0199849195778369
12,0,14,0.7088075876235962,0.4033734202384949,-0.0254071913659572
12,0,15,0.712082028388977,0.4226226508617401,-0.0160378441214561
12,0,16,0.7270019054412842,0.4287441372871399,-0.0103856567293405
12,0,17,0.7487670183181763,0.4238676726818084,-0.0318559184670448
12,0,18,0.7097868919372559,0.4228280186653137,-0.033387653529644
12,0,19,0.7111977934837341,0.4401726424694061,-0.0253987833857536
12,0,20,0.7218225598335266,0.4480917453765869,-0.0190283544361591
12,0,21,0.5212672352790833,0.3151230216026306,-0.7019850015640259
12,0,22,0.5507844686508179,0.2746338844299316,-0.6424632668495178
12,0,23,0.5416007041931152,0.3565062284469604,-0.5589818358421326
12,1,0,0.0,0.0,0.0
12,1,1,0.0,0.0,0.0
12,1,2,0.0,0.0,0.0
12,1,3,0.0,0.0,0.0
12,1,4,0.0,0.0,0.0
12,1,5,0.0,0.0,0.0
12,1,6,0.0,0.0,0.0
12,1,7,0.0,0.0,0.0
12,1,8,0.0,0.0,0.0
12,1,9,0.0,0.0,0.0
12,1,10,0.0,0.0,0.0
12,1,11,0.0,0.0,0.0
12,1,12,0.0,0.0,0.0
12,1,13,0.0,0.0,0.0
12,1,14,0.0,0.0,0.0
12,1,15,0.0,0.0,0.0
12,1,16,0.0,0.0,0.0
12,1,17,0.0,0.0,0.0
12,1,18,0.0,0.0,0.0
12,1,19,0.0,0.0,0.0
12,1,20,0.0,0.0,0.0
12,1,21,0.5212672352790833,0.3151230216026306,-0.7019850015640259
12,1,22,0.4813649952411651,0.2817909717559814,-0.6732075214385986
12,1,23,0.4932180345058441,0.3588213324546814,-0.6009551882743835
13,0,0,0.7901947498321533,0.5038348436355591,-3.1176773518382106e-07
13,0,1,0.786308228969574,0.4563409388065338,0.0115109244361519
13,0,2,0.7724303603172302,0.4122716188430786,0.0106164971366524
13,0,3,0.7505443096160889,0.3906410038471222,0.0054368507117033
13,0,4,0.7297328114509583,0.3817237317562103,0.0008105632150545
13,0,5,0.7835053205490112,0.3808907866477966,0.0019205067073926
13,0,6,0.7730048894882202,0.329130470752716,-0.0112953372299671
13,0,7,0.7476508617401123,0.3226539194583893,-0.0161149464547634
13,0,8,0.7313894033432007,0.3363026678562164,-0.016507513821125
13,0,9,0.7740047574043274,0.3891803622245788,-0.0088793011382222
13,0,10,0.7167224287986755,0.3749352693557739,-0.0197239834815263
13,0,11,0.7143614292144775,0.397021621465683,-0.0159058608114719
13,0,12,0.7290760278701782,0.4098401069641113,-0.0122389001771807
13,0,13,0.7599062323570251,0.4052000641822815,-0.019939137622714
13,0,14,0.7079602479934692,0.4035232663154602,-0.0258238743990659
13,0,15,0.7112712860107422,0.4227070808410644,-0.016216842457652
13,0,16,0.7253826856613159,0.4291579127311706,-0.010327011346817
13,0,17,0.7443958520889282,0.422789067029953,-0.0307368133217096
13,0,18,0.7072674632072449,0.4226186275482178,-0.0326264388859272
13,0,19,0.7093017101287842,0.4401207566261291,-0.0249018557369709
13,0,20,0.7194840312004089,0.4480940401554107,-0.0187499336898326
13,0,21,0.5226413607597351,0.3170693516731262,-0.7365695834159851
13,0,22,0.5513647198677063,0.2764139771461487,-0.6705699563026428
13,0,23,0.5429848432540894,0.3570798635482788,-0.5882786512374878
13,1,0,0.0,0.0,0.0
13,1,1,0.0,0.0,0.0
13,1,2,0.0,0.0,0.0
13,1,3,0.0,0.0,0.0
13,1,4,0.0,0.0,0.0
13,1,5,0.0,0.0,0.0
13,1,6,0.0,0.0,0.0
13,1,7,0.0,0.0,0.0
13,1,8,0.0,0.0,0.0
13,1,9,0.0,0.0,0.0
13,1,10,0.0,0.0,0.0
13,1,11,0.0,0.0,0.0
13,1,12,0.0,0.0,0.0
13,1,13,0.0,0.0,0.0
13,1,14,0.0,0.0,0.0
13,1,15,0.0,0.0,0.0
13,1,16,0.0,0.0,0.0
13,1,17,0.0,0.0,0.0
13,1,18,0.0,0.0,0.0
13,1,19,0.0,0.0,0.0
13,1,20,0.0,0.0,0.0
13,1,21,0.5226413607597351,0.3170693516731262,-0.7365695834159851
13,1,22,0.483050674200058,0.2840577363967895,-0.6998075246810913
13,1,23,0.4954564571380615,0.3595067262649536,-0.6285130977630615
14,0,0,0.7882195115089417,0.4997913837432861,-2.6361161076238204e-07
14,0,1,0.7838412523269653,0.4557971954345703,0.0083271907642483
14,0,2,0.7696381211280823,0.4125886261463165,0.0063073118217289
14,0,3,0.7471216917037964,0.3898584246635437,0.0009171158308163
14,0,4,0.7263535261154175,0.3805704712867737,-0.0040762941353023
14,0,5,0.7823809385299683,0.3800425231456756,-0.0015264255926012
14,0,6,0.7727454900741577,0.3305693864822387,-0.0165906511247158
14,0,7,0.7469859719276428,0.3174282908439636,-0.023356607183814
14,0,8,0.7262837290763855,0.3214041888713836,-0.0253014210611581
14,0,9,0.7745695114135742,0.3884800970554352,-0.0114579210057854
14,0,10,0.7179268598556519,0.3749926090240478,-0.0243711043149232
14,0,11,0.7136324048042297,0.3955272734165191,-0.0220084600150585
14,0,12,0.7250121831893921,0.4070095121860504,-0.0190223976969718
14,0,13,0.7611802220344543,0.4048571586608886,-0.0218843836337327
14,0,14,0.7091769576072693,0.4042054414749145,-0.0307417549192905
14,0,15,0.7120961546897888,0.4227153062820434,-0.0221121795475482
14,0,16,0.724781334400177,0.4285065531730652,-0.0158352646976709
14,0,17,0.7459412217140198,0.423074334859848,-0.0322513505816459
14,0,18,0.7075573801994324,0.4221659302711487,-0.0358427353203296
14,0,19,0.7093076705932617,0.4392489194869995,-0.0286915507167577
14,0,20,0.7188873887062073,0.4466692805290222,-0.0224969610571861
14,0,21,0.5247432589530945,0.3216274380683899,-0.7446377277374268
14,0,22,0.553132951259613,0.2808542251586914,-0.6761403679847717
14,0,23,0.5436375737190247,0.3625280261039734,-0.5901206135749817
14,1,0,0.0,0.0,0.0
14,1,1,0.0,0.0,0.0
14,1,2,0.0,0.0,0.0
14,1,3,0.0,0.0,0.0
14,1,4,0.0,0.0,0.0
14,1,5,0.0,0.0,0.0
14,1,6,0.0,0.0,0.0
14,1,7,0.0,0.0,0.0
14,1,8,0.0,0.0,0.0
14,1,9,0.0,0.0,0.0
14,1,10,0.0,0.0,0.0
14,1,11,0.0,0.0,0.0
14,1,12,0.0,0.0,0.0
14,1,13,0.0,0.0,0.0
14,1,14,0.0,0.0,0.0
14,1,15,0.0,0.0,0.0
14,1,16,0.0,0.0,0.0
14,1,17,0.0,0.0,0.0
14,1,18,0.0,0.0,0.0
14,1,19,0.0,0.0,0.0
14,1,20,0.0,0.0,0.0
14,1,21,0.5247432589530945,0.3216274380683899,-0.7446377277374268
14,1,22,0.4844676256179809,0.2859276533126831,-0.7086108326911926
14,1,23,0.4955841302871704,0.3626736402511596,-0.6348288655281067
15,0,0,0.7871702313423157,0.5001729130744934,-1.598181427198142e-07
15,0,1,0.7823376059532166,0.4559929966926574,0.0048271804116666
15,0,2,0.76649409532547,0.4128396213054657,0.0013900517951697
15,0,3,0.7435706257820129,0.3889758884906769,-0.0049244817346334
15,0,4,0.7221799492835999,0.3802425265312195,-0.0115981539711356
15,0,5,0.7833711504936218,0.3811386227607727,-0.0046741697005927
15,0,6,0.7679789662361145,0.3329286277294159,-0.0153982508927583
15,0,7,0.7517891526222229,0.3075645565986633,-0.0199911464005708
15,0,8,0.7385696172714233,0.2883540987968445,-0.0233932174742221
15,0,9,0.7744286060333252,0.3899226486682892,-0.0139042912051081
15,0,10,0.7204365134239197,0.3758381009101867,-0.0284384470432996
15,0,11,0.7146430015563965,0.3962336182594299,-0.0275077819824218
15,0,12,0.7239965200424194,0.4068621397018432,-0.0253457836806774
15,0,13,0.7597572803497314,0.4066552817821502,-0.0231317337602376
15,0,14,0.7109121680259705,0.403216004371643,-0.0349861159920692
15,0,15,0.7121424674987793,0.4217294454574585,-0.0273307990282773
15,0,16,0.7240017652511597,0.4285810887813568,-0.0209021605551242
15,0,17,0.7436801791191101,0.425100564956665,-0.0324430391192436
15,0,18,0.707909107208252,0.421218067407608,-0.03850919008255
15,0,19,0.7078049182891846,0.4371153116226196,-0.0322519689798355
15,0,20,0.7160253524780273,0.4457512199878692,-0.0264042690396308
15,0,21,0.5180587768554688,0.3226237297058105,-0.8443674445152283
15,0,22,0.5481294393539429,0.2809926271438598,-0.7722474336624146
15,0,23,0.5360451340675354,0.3688193559646606,-0.6729249954223633
15,1,0,0.0,0.0,0.0
15,1,1,0.0,0.0,0.0
15,1,2,0.0,0.0,0.0
15,1,3,0.0,0.0,0.0
15,1,4,0.0,0.0,0.0
15,1,5,0.0,0.0,0.0
15,1,6,0.0,0.0,0.0
15,1,7,0.0,0.0,0.0
15,1,8,0.0,0.0,0.0
15,1,9,0.0,0.0,0.0
15,1,10,0.0,0.0,0.0
15,1,11,0.0,0.0,0.0
15,1,12,0.0,0.0,0.0
15,1,13,0.0,0.0,0.0
15,1,14,0.0,0.0,0.0
15,1,15,0.0,0.0,0.0
15,1,16,0.0,0.0,0.0
15,1,17,0.0,0.0,0.0
15,1,18,0.0,0.0,0.0
15,1,19,0.0,0.0,0.0
15,1,20,0.0,0.0,0.0
15,1,21,0.5180587768554688,0.3226237297058105,-0.8443674445152283
15,1,22,0.4747903347015381,0.2865146398544311,-0.803649365901947
15,1,23,0.4862332940101623,0.3666167259216308,-0.7157831192016602
17,0,0,0.7879889011383057,0.5023067593574524,-1.3371264628858628e-07
17,0,1,0.7838300466537476,0.4561921954154968,0.0029829926788806
17,0,2,0.7661852240562439,0.4124059379100799,-0.0014521284028887
17,0,3,0.741558849811554,0.3876977562904358,-0.0084582939743995
17,0,4,0.7199843525886536,0.3783911168575287,-0.0158796347677707
17,0,5,0.7836135029792786,0.3824664950370788,-0.0056456224992871
17,0,6,0.7655810117721558,0.3345972001552582,-0.0164160132408142
17,0,7,0.7523154616355896,0.3068499863147735,-0.0215524118393659
17,0,8,0.7425784468650818,0.2840508222579956,-0.0257423482835292
17,0,9,0.773228108882904,0.3908227086067199,-0.0142202340066432
17,0,10,0.7199950814247131,0.3777426779270172,-0.0299874655902385
17,0,11,0.7152925729751587,0.3989754617214203,-0.0302102845162153
17,0,12,0.7252816557884216,0.4102027118206024,-0.0285882614552974
17,0,13,0.7577652335166931,0.4067960381507873,-0.022851763293147
17,0,14,0.7103983759880066,0.4040006399154663,-0.0362924821674823
17,0,15,0.712152898311615,0.4232028126716614,-0.0297314673662185
17,0,16,0.7241726517677307,0.4309138059616089,-0.0235805176198482
17,0,17,0.7416636943817139,0.4244189262390136,-0.0316504016518592
17,0,18,0.7068570852279663,0.421796441078186,-0.038886047899723
17,0,19,0.7076416015625,0.4387345314025879,-0.0335152223706245
17,0,20,0.716205894947052,0.4480776190757751,-0.0281312651932239
17,0,21,0.5208501219749451,0.3226447701454162,-0.8234663009643555
17,0,22,0.5519717931747437,0.2800058126449585,-0.7553353905677795
17,0,23,0.5380333065986633,0.3670956492424011,-0.6624416708946228
17,1,0,0.0,0.0,0.0
17,1,1,0.0,0.0,0.0
17,1,2,0.0,0.0,0.0
17,1,3,0.0,0.0,0.0
17,1,4,0.0,0.0,0.0
17,1,5,0.0,0.0,0.0
17,1,6,0.0,0.0,0.0
17,1,7,0.0,0.0,0.0
17,1,8,0.0,0.0,0.0
17,1,9,0.0,0.0,0.0
17,1,10,0.0,0.0,0.0
17,1,11,0.0,0.0,0.0
17,1,12,0.0,0.0,0.0
17,1,13,0.0,0.0,0.0
17,1,14,0.0,0.0,0.0
17,1,15,0.0,0.0,0.0
17,1,16,0.0,0.0,0.0
17,1,17,0.0,0.0,0.0
17,1,18,0.0,0.0,0.0
17,1,19,0.0,0.0,0.0
17,1,20,0.0,0.0,0.0
17,1,21,0.5208501219749451,0.3226447701454162,-0.8234663009643555
17,1,22,0.477042406797409,0.2849195003509521,-0.7841812372207642
17,1,23,0.4888592064380646,0.3657773733139038,-0.7021787762641907
18,0,0,0.787565290927887,0.4983583092689514,-1.3623957784147933e-07
18,0,1,0.7849564552307129,0.4545004665851593,0.0031351172365248
18,0,2,0.7685168385505676,0.4121779501438141,-0.0007450591656379
18,0,3,0.7440386414527893,0.3891371488571167,-0.0070285904221236
18,0,4,0.7218104600906372,0.3811151683330536,-0.0136167285963892
18,0,5,0.7820736169815063,0.3814683854579925,-0.0059031462296843
18,0,6,0.7662661075592041,0.3336148262023926,-0.0158253479748964
18,0,7,0.7509086728096008,0.3070206046104431,-0.0202693901956081
18,0,8,0.7385730147361755,0.2854603230953216,-0.0240244269371032
18,0,9,0.7719648480415344,0.3891900479793548,-0.0139996381476521
18,0,10,0.7210801839828491,0.3770479261875152,-0.0281837526708841
18,0,11,0.7171353101730347,0.3972672820091247,-0.0273463185876607
18,0,12,0.7270092964172363,0.4071359932422638,-0.0253570266067981
18,0,13,0.7570542693138123,0.4050097167491913,-0.0220564883202314
18,0,14,0.7112010717391968,0.403942197561264,-0.0330297946929931
18,0,15,0.7139493823051453,0.4218508005142212,-0.0254923142492771
18,0,16,0.7257527112960815,0.428010880947113,-0.0195183716714382
18,0,17,0.7416136264801025,0.4227913916110992,-0.0304114762693643
18,0,18,0.7075524926185608,0.421848714351654,-0.0357531420886516
18,0,19,0.7093391418457031,0.4381488561630249,-0.0296852178871631
18,0,20,0.7181571125984192,0.4465632140636444,-0.024277051910758
18,0,21,0.5209638476371765,0.3258553147315979,-0.7942947745323181
18,0,22,0.5500985383987427,0.2834215760231018,-0.7273736596107483
18,0,23,0.5385695695877075,0.3674747347831726,-0.6349235773086548
18,1,0,0.0,0.0,0.0
18,1,1,0.0,0.0,0.0
18,1,2,0.0,0.0,0.0
18,1,3,0.0,0.0,0.0
18,1,4,0.0,0.0,0.0
18,1,5,0.0,0.0,0.0
18,1,6,0.0,0.0,0.0
18,1,7,0.0,0.0,0.0
18,1,8,0.0,0.0,0.0
18,1,9,0.0,0.0,0.0
18,1,10,0.0,0.0,0.0
18,1,11,0.0,0.0,0.0
18,1,12,0.0,0.0,0.0
18,1,13,0.0,0.0,0.0
18,1,14,0.0,0.0,0.0
18,1,15,0.0,0.0,0.0
18,1,16,0.0,0.0,0.0
18,1,17,0.0,0.0,0.0
18,1,18,0.0,0.0,0.0
18,1,19,0.0,0.0,0.0
18,1,20,0.0,0.0,0.0
18,1,21,0.5209638476371765,0.3258553147315979,-0.7942947745323181
18,1,22,0.478518396615982,0.2877346873283386,-0.755761444568634
18,1,23,0.4906613528728485,0.3657823204994201,-0.673569917678833
19,0,0,0.7870256304740906,0.4993863999843597,-2.924363684542186e-07
19,0,1,0.7811652421951294,0.4539840519428253,0.0093257809057831
19,0,2,0.7671568989753723,0.410462737083435,0.0072602173313498
19,0,3,0.7455049157142639,0.3885044157505035,0.0013765655457973
19,0,4,0.7249882221221924,0.3792092502117157,-0.0041994270868599
19,0,5,0.7810289859771729,0.3789320886135101,2.632441282912623e-05
19,0,6,0.7674300670623779,0.3311548233032226,-0.0146290101110935
19,0,7,0.7410472631454468,0.3200407922267914,-0.0214035846292972
19,0,8,0.72148197889328,0.3275705575942993,-0.0231934487819671
19,0,9,0.7736123204231262,0.3880810737609863,-0.0102613093331456
19,0,10,0.7168892621994019,0.3770693838596344,-0.0223033297806978
19,0,11,0.7135420441627502,0.3964401185512543,-0.0201622229069471
19,0,12,0.7255067229270935,0.4075864851474762,-0.0176882091909647
19,0,13,0.7610124349594116,0.4047993719577789,-0.0209848955273628
19,0,14,0.7086852192878723,0.4051438271999359,-0.0286107920110225
19,0,15,0.7116615176200867,0.4229848384857178,-0.0200940743088722
19,0,16,0.7242295742034912,0.4289654493331909,-0.0143858669325709
19,0,17,0.7463952898979187,0.4232900142669678,-0.0316110216081142
19,0,18,0.7077267169952393,0.4226389229297638,-0.0341522395610809
19,0,19,0.7094603776931763,0.4393793940544128,-0.0267183296382427
19,0,20,0.7190132737159729,0.4469060897827148,-0.0206403750926256
19,0,21,0.5210473537445068,0.3194814920425415,-0.7952929139137268
19,0,22,0.5518316030502319,0.2780354022979736,-0.7281777858734131
19,0,23,0.5399243235588074,0.360632061958313,-0.6379849314689636
19,1,0,0.0,0.0,0.0
19,1,1,0.0,0.0,0.0
19,1,2,0.0,0.0,0.0
19,1,3,0.0,0.0,0.0
19,1,4,0.0,0.0,0.0
19,1,5,0.0,0.0,0.0
19,1,6,0.0,0.0,0.0
19,1,7,0.0,0.0,0.0
19,1,8,0.0,0.0,0.0
19,1,9,0.0,0.0,0.0
19,1,10,0.0,0.0,0.0
19,1,11,0.0,0.0,0.0
19,1,12,0.0,0.0,0.0
19,1,13,0.0,0.0,0.0
19,1,14,0.0,0.0,0.0
19,1,15,0.0,0.0,0.0
19,1,16,0.0,0.0,0.0
19,1,17,0.0,0.0,0.0
19,1,18,0.0,0.0,0.0
19,1,19,0.0,0.0,0.0
19,1,20,0.0,0.0,0.0
19,1,21,0.5210473537445068,0.3194814920425415,-0.7952929139137268
19,1,22,0.4810525774955749,0.2831196784973144,-0.7547024488449097
19,1,23,0.4911653101444244,0.3612561225891113,-0.6744306683540344
20,0,0,0.7866449356079102,0.4988986849784851,-3.229809806271078e-07
20,0,1,0.7799784541130066,0.4537387788295746,0.0100574297830462
20,0,2,0.7658103704452515,0.4109405875205993,0.0076117953285574
20,0,3,0.7437028884887695,0.3895004093647003,0.0010605733841657
20,0,4,0.7246576547622681,0.3790736496448517,-0.0049187270924448
20,0,5,0.782738208770752,0.3792078495025635,-0.000173537118826
20,0,6,0.7688955664634705,0.3317947387695312,-0.014143724925816
20,0,7,0.7433493733406067,0.3270483911037445,-0.0194441601634025
20,0,8,0.7279865741729736,0.3411687314510345,-0.0201933775097131
20,0,9,0.7757278084754944,0.3890714049339294,-0.0111158080399036
20,0,10,0.7183172106742859,0.3774277865886688,-0.0223296452313661
20,0,11,0.7154907584190369,0.3986205458641052,-0.0187081433832645
20,0,12,0.7299237847328186,0.4095495939254761,-0.0152802038937807
20,0,13,0.7631814479827881,0.4063585102558136,-0.0224841460585594
20,0,14,0.709662139415741,0.4050501585006714,-0.0290052648633718
20,0,15,0.7118088006973267,0.4232911467552185,-0.0189906470477581
20,0,16,0.725460410118103,0.4288394451141357,-0.0126742934808135
20,0,17,0.748098611831665,0.4253091216087341,-0.0337343662977218
20,0,18,0.7082841396331787,0.4232813119888305,-0.0359124951064586
20,0,19,0.7088422775268555,0.439312219619751,-0.0278280992060899
20,0,20,0.7188681364059448,0.4465328752994537,-0.0214282758533954
20,0,21,0.5201801061630249,0.3168027400970459,-0.7404348850250244
20,0,22,0.5519468188285828,0.2779738903045654,-0.6767273545265198
20,0,23,0.5410157442092896,0.3585239052772522,-0.5869677662849426
20,1,0,0.0,0.0,0.0
20,1,1,0.0,0.0,0.0
20,1,2,0.0,0.0,0.0
20,1,3,0.0,0.0,0.0
20,1,4,0.0,0.0,0.0
20,1,5,0.0,0.0,0.0
20,1,6,0.0,0.0,0.0
20,1,7,0.0,0.0,0.0
20,1,8,0.0,0.0,0.0
20,1,9,0.0,0.0,0.0
20,1,10,0.0,0.0,0.0
20,1,11,0.0,0.0,0.0
20,1,12,0.0,0.0,0.0
20,1,13,0.0,0.0,0.0
20,1,14,0.0,0.0,0.0
20,1,15,0.0,0.0,0.0
20,1,16,0.0,0.0,0.0
20,1,17,0.0,0.0,0.0
20,1,18,0.0,0.0,0.0
20,1,19,0.0,0.0,0.0
20,1,20,0.0,0.0,0.0
20,1,21,0.5201801061630249,0.3168027400970459,-0.7404348850250244
20,1,22,0.4809505045413971,0.2838608622550964,-0.7040575742721558
20,1,23,0.4914540350437164,0.3619272112846374,-0.6248040199279785
21,0,0,0.7864946722984314,0.4986831545829773,-3.24978685739552e-07
21,0,1,0.7834321856498718,0.4545625448226928,0.0103097902610898
21,0,2,0.7703275084495544,0.4108308553695678,0.0097239464521408
21,0,3,0.750755250453949,0.3900694251060486,0.0050793830305337
21,0,4,0.7313132882118225,0.3806487917900085,0.0010661191772669
21,0,5,0.7820165753364563,0.3796181380748749,0.0018422791035845
21,0,6,0.7671262621879578,0.3320319354534149,-0.0107550816610455
21,0,7,0.7424615025520325,0.3307116329669952,-0.0149779422208666
21,0,8,0.7296494841575623,0.3470723927021026,-0.0148788588121533
21,0,9,0.7729028463363647,0.3892228603363037,-0.0083339978009462
21,0,10,0.7176315784454346,0.3756914436817169,-0.0182902254164218
21,0,11,0.714263916015625,0.3974625766277313,-0.014140018261969
21,0,12,0.7281047105789185,0.4087752401828766,-0.0100840656086802
21,0,13,0.7595407962799072,0.4058407843112945,-0.0189484469592571
21,0,14,0.7094557285308838,0.4041231274604797,-0.0245603360235691
21,0,15,0.7121574878692627,0.4226587414741516,-0.0151972780004143
21,0,16,0.7255328297615051,0.4289715588092804,-0.0091459117829799
21,0,17,0.7447466254234314,0.4238687753677368,-0.0293865818530321
21,0,18,0.7087382674217224,0.4220845699310303,-0.0314627774059772
21,0,19,0.7100486755371094,0.4379132986068725,-0.0240250043570995
21,0,20,0.7196987271308899,0.445478081703186,-0.0178340896964073
21,0,21,0.5179052948951721,0.3235849738121032,-0.7742712497711182
21,0,22,0.5513635277748108,0.2809032797813415,-0.7139493227005005
21,0,23,0.5362130403518677,0.3649676442146301,-0.6249538064002991
21,1,0,0.0,0.0,0.0
21,1,1,0.0,0.0,0.0
21,1,2,0.0,0.0,0.0
21,1,3,0.0,0.0,0.0
21,1,4,0.0,0.0,0.0
21,1,5,0.0,0.0,0.0
21,1,6,0.0,0.0,0.0
21,1,7,0.0,0.0,0.0
21,1,8,0.0,0.0,0.0
21,1,9,0.0,0.0,0.0
21,1,10,0.0,0.0,0.0
21,1,11,0.0,0.0,0.0
21,1,12,0.0,0.0,0.0
21,1,13,0.0,0.0,0.0
21,1,14,0.0,0.0,0.0
21,1,15,0.0,0.0,0.0
21,1,16,0.0,0.0,0.0
21,1,17,0.0,0.0,0.0
21,1,18,0.0,0.0,0.0
21,1,19,0.0,0.0,0.0
21,1,20,0.0,0.0,0.0
21,1,21,0.5179052948951721,0.3235849738121032,-0.7742712497711182
21,1,22,0.4771695733070373,0.2846221327781677,-0.737612247467041
21,1,23,0.4846415817737579,0.3643669486045837,-0.6573607325553894
22,0,0,0.7861198782920837,0.4961917996406555,-3.075993220136297e-07
22,0,1,0.7836668491363525,0.4517670273780823,0.01061368919909
22,0,2,0.7696319222450256,0.4097318053245544,0.0093068722635507
22,0,3,0.7469416856765747,0.3894219994544983,0.0037479042075574
22,0,4,0.7262750267982483,0.3801523745059967,-0.0013837799197062
22,0,5,0.7814699411392212,0.3796178996562958,0.0013889337424188
22,0,6,0.7682889699935913,0.3321803510189056,-0.0121580054983496
22,0,7,0.7436388731002808,0.3275067508220672,-0.0171967949718236
22,0,8,0.7296040654182434,0.3414796888828277,-0.0175690352916717
22,0,9,0.7728705406188965,0.3894191086292267,-0.0093430764973163
22,0,10,0.7182848453521729,0.3758750855922699,-0.0199768468737602
22,0,11,0.7148879766464233,0.3968942165374756,-0.0161488689482212
22,0,12,0.7287943363189697,0.4080483019351959,-0.012369142845273
22,0,13,0.759662389755249,0.4066100716590881,-0.0205232612788677
22,0,14,0.7096672058105469,0.4044298529624939,-0.0267792604863643
22,0,15,0.7116354703903198,0.4221543967723846,-0.0172671247273683
22,0,16,0.7251056432723999,0.4281010329723358,-0.0110186738893389
22,0,17,0.7449119687080383,0.42522794008255,-0.031488262116909
22,0,18,0.7078180909156799,0.4220515191555023,-0.0337617844343185
22,0,19,0.7075347304344177,0.436638593673706,-0.0261900760233402
22,0,20,0.7166814208030701,0.4440464079380035,-0.01995100826025
22,0,21,0.517946183681488,0.3171276450157165,-0.7784002423286438
22,0,22,0.5499514937400818,0.277376115322113,-0.7117562294006348
22,0,23,0.5383628606796265,0.358302891254425,-0.6242474913597107
22,1,0,0.0,0.0,0.0
22,1,1,0.0,0.0,0.0
22,1,2,0.0,0.0,0.0
22,1,3,0.0,0.0,0.0
22,1,4,0.0,0.0,0.0
22,1,5,0.0,0.0,0.0
22,1,6,0.0,0.0,0.0
22,1,7,0.0,0.0,0.0
22,1,8,0.0,0.0,0.0
22,1,9,0.0,0.0,0.0
22,1,10,0.0,0.0,0.0
22,1,11,0.0,0.0,0.0
22,1,12,0.0,0.0,0.0
22,1,13,0.0,0.0,0.0
22,1,14,0.0,0.0,0.0
22,1,15,0.0,0.0,0.0
22,1,16,0.0,0.0,0.0
22,1,17,0.0,0.0,0.0
22,1,18,0.0,0.0,0.0
22,1,19,0.0,0.0,0.0
22,1,20,0.0,0.0,0.0
22,1,21,0.517946183681488,0.3171276450157165,-0.7784002423286438
22,1,22,0.4773977100849151,0.2835975289344787,-0.7380641102790833
22,1,23,0.4876812398433685,0.3595578074455261,-0.6599618196487427
24,0,0,0.785407304763794,0.4973958134651184,-2.410352806236915e-07
24,0,1,0.7806731462478638,0.4555536210536957,0.0069537186063826
24,0,2,0.7680231332778931,0.413655936717987,0.0042740888893604
24,0,3,0.748663604259491,0.3910640776157379,-0.0013554862234741
24,0,4,0.729631781578064,0.3816726505756378,-0.0069834175519645
24,0,5,0.7817276120185852,0.3808794617652893,-0.0041181026026606
24,0,6,0.7679328322410583,0.3334677815437317,-0.0173175204545259
24,0,7,0.7439184188842773,0.3163808286190033,-0.0233168490231037
24,0,8,0.7239816784858704,0.3114846646785736,-0.0258041583001613
24,0,9,0.7745420932769775,0.3895015120506286,-0.0135284680873155
24,0,10,0.7194305658340454,0.3753876090049743,-0.0259922090917825
24,0,11,0.7149911522865295,0.3946459889411926,-0.0237599201500415
24,0,12,0.7251652479171753,0.4049076735973358,-0.0209364034235477
24,0,13,0.7615056037902832,0.405229777097702,-0.0231021326035261
24,0,14,0.710789144039154,0.4031707644462585,-0.0313087366521358
24,0,15,0.7132981419563293,0.4204716682434082,-0.0227032415568828
24,0,16,0.725071370601654,0.4261671006679535,-0.0165516044944524
24,0,17,0.746131420135498,0.4227611124515533,-0.0327736027538776
24,0,18,0.7084248065948486,0.420443594455719,-0.0358541198074817
24,0,19,0.7096425294876099,0.4357926249504089,-0.0287050660699605
24,0,20,0.7183648943901062,0.4432420134544372,-0.0226528793573379
24,0,21,0.5216996073722839,0.3175340890884399,-0.6988481879234314
24,0,22,0.5527026653289795,0.2757467031478882,-0.6337626576423645
24,0,23,0.5416457653045654,0.3590856790542602,-0.5513291358947754
24,1,0,0.0,0.0,0.0
24,1,1,0.0,0.0,0.0
24,1,2,0.0,0.0,0.0
24,1,3,0.0,0.0,0.0
24,1,4,0.0,0.0,0.0
24,1,5,0.0,0.0,0.0
24,1,6,0.0,0.0,0.0
24,1,7,0.0,0.0,0.0
24,1,8,0.0,0.0,0.0
24,1,9,0.0,0.0,0.0
24,1,10,0.0,0.0,0.0
24,1,11,0.0,0.0,0.0
24,1,12,0.0,0.0,0.0
24,1,13,0.0,0.0,0.0
24,1,14,0.0,0.0,0.0
24,1,15,0.0,0.0,0.0
24,1,16,0.0,0.0,0.0
24,1,17,0.0,0.0,0.0
24,1,18,0.0,0.0,0.0
24,1,19,0.0,0.0,0.0
24,1,20,0.0,0.0,0.0
24,1,21,0.5216996073722839,0.3175340890884399,-0.6988481879234314
24,1,22,0.4813358187675476,0.2819481492042541,-0.6656171679496765
24,1,23,0.4920914769172668,0.3605474233627319,-0.5947073101997375
