Frame,Hand,Landmark,X,Y,Z
4,0,0,0.8579062223434448,0.5685900449752808,2.031698755899925e-07
4,0,1,0.8512704968452454,0.5217460989952087,2.5942530555767007e-05
4,0,2,0.8392454385757446,0.4641110301017761,-0.0045286742970347
4,0,3,0.8370142579078674,0.421690434217453,-0.0123192965984344
4,0,4,0.8542212843894958,0.3962785303592682,-0.0206638965755701
4,0,5,0.8246810436248779,0.4373539090156555,-0.0138602722436189
4,0,6,0.7885204553604126,0.385706216096878,-0.0305081531405448
4,0,7,0.768125593662262,0.3515482544898987,-0.0392005406320095
4,0,8,0.7528296709060669,0.3245249390602112,-0.0439176112413406
4,0,9,0.8125439882278442,0.4526295661926269,-0.0238130204379558
4,0,10,0.7503822445869446,0.4132839739322662,-0.0420373044908046
4,0,11,0.7140398025512695,0.3876555263996124,-0.0510234236717224
4,0,12,0.6871352195739746,0.3668683767318725,-0.0552392750978469
4,0,13,0.7999163866043091,0.4776270091533661,-0.0331072509288787
4,0,14,0.7444426417350769,0.4829364418983459,-0.0514602325856685
4,0,15,0.757262647151947,0.499459445476532,-0.0505291372537612
4,0,16,0.7772947549819946,0.5064773559570312,-0.0445051304996013
4,0,17,0.7850466370582581,0.5078365206718445,-0.0425373800098896
4,0,18,0.7428078651428223,0.512700617313385,-0.0535956099629402
4,0,19,0.7577375769615173,0.5253750681877136,-0.0485909283161163
4,0,20,0.7777296304702759,0.5301564335823059,-0.0412759445607662
4,0,24,0.7194414734840393,0.5503268241882324,-0.0980387032032013
4,0,25,0.9081488251686096,0.8554627299308777,-0.5269678235054016
4,1,0,0.0,0.0,0.0
4,1,1,0.0,0.0,0.0
4,1,2,0.0,0.0,0.0
4,1,3,0.0,0.0,0.0
4,1,4,0.0,0.0,0.0
4,1,5,0.0,0.0,0.0
4,1,6,0.0,0.0,0.0
4,1,7,0.0,0.0,0.0
4,1,8,0.0,0.0,0.0
4,1,9,0.0,0.0,0.0
4,1,10,0.0,0.0,0.0
4,1,11,0.0,0.0,0.0
4,1,12,0.0,0.0,0.0
4,1,13,0.0,0.0,0.0
4,1,14,0.0,0.0,0.0
4,1,15,0.0,0.0,0.0
4,1,16,0.0,0.0,0.0
4,1,17,0.0,0.0,0.0
4,1,18,0.0,0.0,0.0
4,1,19,0.0,0.0,0.0
4,1,20,0.0,0.0,0.0
4,1,24,0.3149489760398865,0.5144854784011841,-0.1494606137275695
4,1,25,0.2110171318054199,0.8078445196151733,-0.2011925876140594
5,0,0,0.8581299185752869,0.5692886114120483,1.901844228768823e-07
5,0,1,0.851024866104126,0.5238606333732605,-9.922679601004349e-05
5,0,2,0.8385805487632751,0.4651424884796142,-0.0038560403045266
5,0,3,0.836388349533081,0.4228096008300781,-0.0105744274333119
5,0,4,0.8531643152236938,0.3969792127609253,-0.0179775562137365
5,0,5,0.8223245143890381,0.4383101165294647,-0.0145073365420103
5,0,6,0.7857382893562317,0.3869728446006775,-0.0308385528624057
5,0,7,0.7658230066299438,0.3523247838020324,-0.0391897372901439
5,0,8,0.7512857913970947,0.3247430920600891,-0.0437271408736705
5,0,9,0.8107671141624451,0.4538947939872741,-0.0239418894052505
5,0,10,0.7472268342971802,0.4157098531723022,-0.0416254699230194
5,0,11,0.7105112671852112,0.390615314245224,-0.0501224063336849
5,0,12,0.6837180256843567,0.3705880045890808,-0.0540039204061031
5,0,13,0.7988905906677246,0.479351282119751,-0.0327034778892993
5,0,14,0.7411943078041077,0.483678936958313,-0.0514142923057079
5,0,15,0.7541998028755188,0.5008277297019958,-0.0507562458515167
5,0,16,0.7747042179107666,0.5085268020629883,-0.0447268150746822
5,0,17,0.7848121523857117,0.5103111267089844,-0.0414938740432262
5,0,18,0.740678071975708,0.5145566463470459,-0.054057277739048
5,0,19,0.755086362361908,0.5274686217308044,-0.0500553697347641
5,0,20,0.7751386761665344,0.5323768854141235,-0.0430991947650909
5,0,24,0.7194465398788452,0.553496241569519,-0.0775414705276489
5,0,25,0.9122066497802734,0.8519139289855957,-0.547395646572113
5,1,0,0.0,0.0,0.0
5,1,1,0.0,0.0,0.0
5,1,2,0.0,0.0,0.0
5,1,3,0.0,0.0,0.0
5,1,4,0.0,0.0,0.0
5,1,5,0.0,0.0,0.0
5,1,6,0.0,0.0,0.0
5,1,7,0.0,0.0,0.0
5,1,8,0.0,0.0,0.0
5,1,9,0.0,0.0,0.0
5,1,10,0.0,0.0,0.0
5,1,11,0.0,0.0,0.0
5,1,12,0.0,0.0,0.0
5,1,13,0.0,0.0,0.0
5,1,14,0.0,0.0,0.0
5,1,15,0.0,0.0,0.0
5,1,16,0.0,0.0,0.0
5,1,17,0.0,0.0,0.0
5,1,18,0.0,0.0,0.0
5,1,19,0.0,0.0,0.0
5,1,20,0.0,0.0,0.0
5,1,24,0.3167430758476257,0.5165776014328003,-0.1926611959934234
5,1,25,0.2089154422283172,0.8186957240104675,-0.2236739993095398
6,0,0,0.8552616834640503,0.572683572769165,1.8956083636112453e-07
6,0,1,0.8478919863700867,0.5242965817451477,0.0005115215899422
6,0,2,0.8359205722808838,0.4650158286094665,-0.003769758157432
6,0,3,0.8345984220504761,0.4230744540691376,-0.0114430282264947
6,0,4,0.8526763916015625,0.3979048728942871,-0.0198923125863075
6,0,5,0.8206680417060852,0.4395427703857422,-0.0133924949914217
6,0,6,0.7842695713043213,0.3878755271434784,-0.0300054643303155
6,0,7,0.7645787596702576,0.3532331585884094,-0.0386906825006008
6,0,8,0.7498977184295654,0.3256952166557312,-0.0435660183429718
6,0,9,0.810092031955719,0.4558978378772735,-0.0238780621439218
6,0,10,0.746489942073822,0.416143000125885,-0.041873250156641
6,0,11,0.7088629007339478,0.3911628127098083,-0.0509160533547401
6,0,12,0.6805182099342346,0.3716549873352051,-0.0554084368050098
6,0,13,0.7988406419754028,0.482619047164917,-0.0337198600172996
6,0,14,0.7387042045593262,0.4851411283016205,-0.0521505735814571
6,0,15,0.7502073049545288,0.5017459988594055,-0.0512027963995933
6,0,16,0.7698200941085815,0.5089930295944214,-0.0453542433679103
6,0,17,0.7845725417137146,0.5146851539611816,-0.0436255745589733
6,0,18,0.7377204895019531,0.5169271230697632,-0.0552118718624115
6,0,19,0.7511627078056335,0.5288195610046387,-0.0505335740745067
6,0,20,0.7709775567054749,0.5335924625396729,-0.0435175001621246
6,0,24,0.719095766544342,0.5462839007377625,-0.0761296451091766
6,0,25,0.9088870286941528,0.843501627445221,-0.5172057151794434
6,1,0,0.0,0.0,0.0
6,1,1,0.0,0.0,0.0
6,1,2,0.0,0.0,0.0
6,1,3,0.0,0.0,0.0
6,1,4,0.0,0.0,0.0
6,1,5,0.0,0.0,0.0
6,1,6,0.0,0.0,0.0
6,1,7,0.0,0.0,0.0
6,1,8,0.0,0.0,0.0
6,1,9,0.0,0.0,0.0
6,1,10,0.0,0.0,0.0
6,1,11,0.0,0.0,0.0
6,1,12,0.0,0.0,0.0
6,1,13,0.0,0.0,0.0
6,1,14,0.0,0.0,0.0
6,1,15,0.0,0.0,0.0
6,1,16,0.0,0.0,0.0
6,1,17,0.0,0.0,0.0
6,1,18,0.0,0.0,0.0
6,1,19,0.0,0.0,0.0
6,1,20,0.0,0.0,0.0
6,1,24,0.3164018988609314,0.5164363980293274,-0.1718025654554367
6,1,25,0.2088285982608795,0.8167382478713989,-0.2171432822942733
9,0,0,0.8378065228462219,0.5651722550392151,3.317394146051811e-07
9,0,1,0.8413193225860596,0.5234299898147583,-0.0043944679200649
9,0,2,0.8361202478408813,0.4634966552257538,-0.0096728904172778
9,0,3,0.8371661305427551,0.4193357527256012,-0.0162920430302619
9,0,4,0.8587604761123657,0.3981083631515503,-0.0236635170876979
9,0,5,0.810449481010437,0.4471481144428253,-0.0213802978396415
9,0,6,0.7778356075286865,0.391471803188324,-0.0368775241076946
9,0,7,0.7586441040039062,0.3557382524013519,-0.044038888067007
9,0,8,0.7443101406097412,0.328003466129303,-0.0479077510535717
9,0,9,0.7910681366920471,0.4604418575763702,-0.0274920724332332
9,0,10,0.7321018576622009,0.4186896383762359,-0.0442546047270298
9,0,11,0.6971731185913086,0.391789823770523,-0.0523852482438087
9,0,12,0.6714048385620117,0.3696867823600769,-0.0559700541198253
9,0,13,0.7736074328422546,0.4826390147209167,-0.0327083617448806
9,0,14,0.7260449528694153,0.4853694140911102,-0.0488732121884822
9,0,15,0.7401742339134216,0.5004957914352417,-0.0477671585977077
9,0,16,0.7593399882316589,0.5081086158752441,-0.0418674200773239
9,0,17,0.7562450766563416,0.5097106099128723,-0.0382767915725708
9,0,18,0.7226132750511169,0.5147168040275574,-0.047369111329317
9,0,19,0.7379018664360046,0.5273689031600952,-0.0424902588129043
9,0,20,0.7561307549476624,0.532505214214325,-0.0354133211076259
9,0,24,0.7055948972702026,0.5508003234863281,-0.0673600658774375
9,0,25,0.9035098552703856,0.8494503498077393,-0.5179966688156128
9,1,0,0.0,0.0,0.0
9,1,1,0.0,0.0,0.0
9,1,2,0.0,0.0,0.0
9,1,3,0.0,0.0,0.0
9,1,4,0.0,0.0,0.0
9,1,5,0.0,0.0,0.0
9,1,6,0.0,0.0,0.0
9,1,7,0.0,0.0,0.0
9,1,8,0.0,0.0,0.0
9,1,9,0.0,0.0,0.0
9,1,10,0.0,0.0,0.0
9,1,11,0.0,0.0,0.0
9,1,12,0.0,0.0,0.0
9,1,13,0.0,0.0,0.0
9,1,14,0.0,0.0,0.0
9,1,15,0.0,0.0,0.0
9,1,16,0.0,0.0,0.0
9,1,17,0.0,0.0,0.0
9,1,18,0.0,0.0,0.0
9,1,19,0.0,0.0,0.0
9,1,20,0.0,0.0,0.0
9,1,24,0.3160802721977234,0.5122169256210327,-0.1467611342668533
9,1,25,0.2108066380023956,0.8141114711761475,-0.24290531873703
10,0,0,0.8347504138946533,0.5699657201766968,3.287349841230025e-07
10,0,1,0.8372403383255005,0.5273902416229248,-0.0035926471464335
10,0,2,0.8328537344932556,0.4663046002388,-0.0088700735941529
10,0,3,0.8340493440628052,0.4225488305091858,-0.0159852653741836
10,0,4,0.855478048324585,0.401003748178482,-0.0240449793636798
10,0,5,0.8050220012664795,0.4490797817707062,-0.0197889730334281
10,0,6,0.7732459306716919,0.3939164876937866,-0.0355817526578903
10,0,7,0.7543988823890686,0.3577999770641327,-0.0430186204612255
10,0,8,0.7411478161811829,0.3297216594219208,-0.0467328839004039
10,0,9,0.7860573530197144,0.4630350470542907,-0.0266896728426218
10,0,10,0.7281012535095215,0.42227303981781,-0.0434786528348922
10,0,11,0.6936567425727844,0.3945318460464477,-0.0520783141255378
10,0,12,0.6676310300827026,0.3722949028015136,-0.0558248497545719
10,0,13,0.7693999409675598,0.4859098792076111,-0.0326571129262447
10,0,14,0.7220706343650818,0.4882152080535888,-0.0494368225336074
10,0,15,0.73621666431427,0.5028238296508789,-0.0491058863699436
10,0,16,0.7548900842666626,0.5105871558189392,-0.0433510541915893
10,0,17,0.7529188394546509,0.5138951539993286,-0.0388735458254814
10,0,18,0.7185733318328857,0.5161688923835754,-0.0479407496750354
10,0,19,0.7332890629768372,0.5284137725830078,-0.0424489639699459
10,0,20,0.750998854637146,0.5340943932533264,-0.0346677787601947
10,0,24,0.700186014175415,0.5478510856628418,-0.0405126735568046
10,0,25,0.899154782295227,0.8505146503448486,-0.4983119070529938
10,1,0,0.0,0.0,0.0
10,1,1,0.0,0.0,0.0
10,1,2,0.0,0.0,0.0
10,1,3,0.0,0.0,0.0
10,1,4,0.0,0.0,0.0
10,1,5,0.0,0.0,0.0
10,1,6,0.0,0.0,0.0
10,1,7,0.0,0.0,0.0
10,1,8,0.0,0.0,0.0
10,1,9,0.0,0.0,0.0
10,1,10,0.0,0.0,0.0
10,1,11,0.0,0.0,0.0
10,1,12,0.0,0.0,0.0
10,1,13,0.0,0.0,0.0
10,1,14,0.0,0.0,0.0
10,1,15,0.0,0.0,0.0
10,1,16,0.0,0.0,0.0
10,1,17,0.0,0.0,0.0
10,1,18,0.0,0.0,0.0
10,1,19,0.0,0.0,0.0
10,1,20,0.0,0.0,0.0
10,1,24,0.3176953196525574,0.5110479593276978,-0.1703446507453918
10,1,25,0.2070182561874389,0.8187556862831116,-0.2522695660591125
11,0,0,0.8268029093742371,0.5693734288215637,3.3454284675826784e-07
11,0,1,0.8309811353683472,0.5271984338760376,-0.0054762405343353
11,0,2,0.8266181945800781,0.4664507508277893,-0.0112036280333995
11,0,3,0.8297102451324463,0.4229282438755035,-0.018168356269598
11,0,4,0.8531297445297241,0.4019777774810791,-0.0261500515043735
11,0,5,0.7993206977844238,0.4533545970916748,-0.0223402809351682
11,0,6,0.7687225341796875,0.4000199139118194,-0.0382535383105278
11,0,7,0.7488679885864258,0.364733874797821,-0.0459463782608509
11,0,8,0.7343360185623169,0.3375436067581177,-0.0500725097954273
11,0,9,0.779144287109375,0.4676857888698578,-0.0282585211098194
11,0,10,0.7218927145004272,0.4276607036590576,-0.0452743135392665
11,0,11,0.6873646974563599,0.4004168808460235,-0.0535697266459465
11,0,12,0.6612411737442017,0.3783325850963592,-0.0571481063961982
11,0,13,0.7619591951370239,0.490611582994461,-0.0333557687699794
11,0,14,0.7172130942344666,0.4923644065856933,-0.050680998712778
11,0,15,0.7316655516624451,0.505652129650116,-0.0501346141099929
11,0,16,0.7500941157341003,0.5131896734237671,-0.0441978648304939
11,0,17,0.7455224394798279,0.518268346786499,-0.0388251841068267
11,0,18,0.7143688797950745,0.5209617614746094,-0.0485164783895015
11,0,19,0.729164183139801,0.5320870876312256,-0.0432877130806446
11,0,20,0.7464922070503235,0.5371659994125366,-0.0357580855488777
11,0,24,0.7043641209602356,0.5524641275405884,-0.0604549944400787
11,0,25,0.9092589616775512,0.8575226068496704,-0.5423417091369629
11,1,0,0.0,0.0,0.0
11,1,1,0.0,0.0,0.0
11,1,2,0.0,0.0,0.0
11,1,3,0.0,0.0,0.0
11,1,4,0.0,0.0,0.0
11,1,5,0.0,0.0,0.0
11,1,6,0.0,0.0,0.0
11,1,7,0.0,0.0,0.0
11,1,8,0.0,0.0,0.0
11,1,9,0.0,0.0,0.0
11,1,10,0.0,0.0,0.0
11,1,11,0.0,0.0,0.0
11,1,12,0.0,0.0,0.0
11,1,13,0.0,0.0,0.0
11,1,14,0.0,0.0,0.0
11,1,15,0.0,0.0,0.0
11,1,16,0.0,0.0,0.0
11,1,17,0.0,0.0,0.0
11,1,18,0.0,0.0,0.0
11,1,19,0.0,0.0,0.0
11,1,20,0.0,0.0,0.0
11,1,24,0.31810063123703,0.5140604972839355,-0.1667960584163665
11,1,25,0.2005726993083953,0.8303098082542419,-0.3047623038291931
13,0,0,0.7929869890213013,0.6085509061813354,3.334641291985463e-07
13,0,1,0.7965472936630249,0.5573197603225708,-0.0053971339948475
13,0,2,0.7840195298194885,0.4930292963981628,-0.0110214073210954
13,0,3,0.7837861776351929,0.447489321231842,-0.0176735874265432
13,0,4,0.8063608407974243,0.4244976639747619,-0.0260675121098756
13,0,5,0.7531152963638306,0.4868931174278259,-0.0257677901536226
13,0,6,0.7161169648170471,0.4351609051227569,-0.0413568690419197
13,0,7,0.6922479271888733,0.4013000726699829,-0.0497101992368698
13,0,8,0.6751564741134644,0.3751128315925598,-0.0542161017656326
13,0,9,0.7283505201339722,0.5073807835578918,-0.0299143940210342
13,0,10,0.6716355085372925,0.4741700887680053,-0.0426841415464878
13,0,11,0.6390180587768555,0.4533137083053589,-0.047516394406557
13,0,12,0.6159436106681824,0.4372895956039428,-0.04968873411417
13,0,13,0.7091748118400574,0.5343785881996155,-0.0331209488213062
13,0,14,0.6752645969390869,0.5329357385635376,-0.0455696657299995
13,0,15,0.692212700843811,0.5417293310165405,-0.0436836741864681
13,0,16,0.7123401165008545,0.5506017804145813,-0.0381688736379146
13,0,17,0.6940584778785706,0.5645637512207031,-0.0369172766804695
13,0,18,0.67453533411026,0.5639981627464294,-0.0424709469079971
13,0,19,0.689020574092865,0.5713390707969666,-0.0370975621044635
13,0,20,0.705059289932251,0.5769533514976501,-0.03034333512187
13,0,24,0.7233178615570068,0.5400140881538391,-0.0808971300721168
13,0,25,0.8999646902084351,0.869296669960022,-0.5230209827423096
13,1,0,0.0,0.0,0.0
13,1,1,0.0,0.0,0.0
13,1,2,0.0,0.0,0.0
13,1,3,0.0,0.0,0.0
13,1,4,0.0,0.0,0.0
13,1,5,0.0,0.0,0.0
13,1,6,0.0,0.0,0.0
13,1,7,0.0,0.0,0.0
13,1,8,0.0,0.0,0.0
13,1,9,0.0,0.0,0.0
13,1,10,0.0,0.0,0.0
13,1,11,0.0,0.0,0.0
13,1,12,0.0,0.0,0.0
13,1,13,0.0,0.0,0.0
13,1,14,0.0,0.0,0.0
13,1,15,0.0,0.0,0.0
13,1,16,0.0,0.0,0.0
13,1,17,0.0,0.0,0.0
13,1,18,0.0,0.0,0.0
13,1,19,0.0,0.0,0.0
13,1,20,0.0,0.0,0.0
13,1,24,0.3182442188262939,0.5180291533470154,-0.0804594680666923
13,1,25,0.2026629447937011,0.828040361404419,-0.1736908107995987
14,0,0,0.7776440978050232,0.6205338835716248,2.1441162800783786e-07
14,0,1,0.7727634906768799,0.5757699012756348,-0.0099923107773065
14,0,2,0.7576826214790344,0.5120322704315186,-0.0186274219304323
14,0,3,0.7587177753448486,0.4650959074497223,-0.0282391086220741
14,0,4,0.7855859994888306,0.4373446106910705,-0.0394852943718433
14,0,5,0.7246986627578735,0.5096169114112854,-0.0240073539316654
14,0,6,0.685244619846344,0.468150794506073,-0.0426197983324527
14,0,7,0.6610779166221619,0.4386351704597473,-0.054603349417448
14,0,8,0.6416193246841431,0.4165112376213074,-0.0623784735798835
14,0,9,0.70747971534729,0.5289583802223206,-0.029303515329957
14,0,10,0.6470191478729248,0.5069308876991272,-0.046297863125801
14,0,11,0.6100696325302124,0.4999727010726928,-0.0546784549951553
14,0,12,0.5829053521156311,0.4957550466060638,-0.05941953510046
14,0,13,0.6957290172576904,0.556205153465271,-0.0348176546394825
14,0,14,0.6531952023506165,0.5595012903213501,-0.0518214516341686
14,0,15,0.6672098636627197,0.5677446126937866,-0.050483975559473
14,0,16,0.686607837677002,0.5712425708770752,-0.0459543503820896
14,0,17,0.6876847743988037,0.58758944272995,-0.041458498686552
14,0,18,0.6592840552330017,0.5890299081802368,-0.0512061677873134
14,0,19,0.6743667721748352,0.5959471464157104,-0.0457009747624397
14,0,20,0.6923761367797852,0.5985496044158936,-0.0391314700245857
14,0,24,0.7177119255065918,0.5307446122169495,-0.123009979724884
14,0,25,0.893170952796936,0.8609623908996582,-0.5883405208587646
14,1,0,0.0,0.0,0.0
14,1,1,0.0,0.0,0.0
14,1,2,0.0,0.0,0.0
14,1,3,0.0,0.0,0.0
14,1,4,0.0,0.0,0.0
14,1,5,0.0,0.0,0.0
14,1,6,0.0,0.0,0.0
14,1,7,0.0,0.0,0.0
14,1,8,0.0,0.0,0.0
14,1,9,0.0,0.0,0.0
14,1,10,0.0,0.0,0.0
14,1,11,0.0,0.0,0.0
14,1,12,0.0,0.0,0.0
14,1,13,0.0,0.0,0.0
14,1,14,0.0,0.0,0.0
14,1,15,0.0,0.0,0.0
14,1,16,0.0,0.0,0.0
14,1,17,0.0,0.0,0.0
14,1,18,0.0,0.0,0.0
14,1,19,0.0,0.0,0.0
14,1,20,0.0,0.0,0.0
14,1,24,0.3209006190299988,0.5082793235778809,-0.1415369510650634
14,1,25,0.2104544341564178,0.8080615997314453,-0.2977253794670105
16,0,0,0.7200820446014404,0.696890652179718,3.4723345265774697e-07
16,0,1,0.7182680368423462,0.6463611125946045,-0.0083200260996818
16,0,2,0.6958582401275635,0.589659571647644,-0.0159282516688108
16,0,3,0.685617208480835,0.5466768741607666,-0.0239344369620084
16,0,4,0.6933236718177795,0.5147758722305298,-0.0339434333145618
16,0,5,0.6655585169792175,0.5942478775978088,-0.0260245539247989
16,0,6,0.619129478931427,0.5672757625579834,-0.0421615540981292
16,0,7,0.5881507992744446,0.5469610095024109,-0.0515896119177341
16,0,8,0.5669035911560059,0.5307976007461548,-0.0568927228450775
16,0,9,0.646695613861084,0.6201170682907104,-0.0299808699637651
16,0,10,0.5941451191902161,0.6010729670524597,-0.0432028956711292
16,0,11,0.5614197254180908,0.5891426801681519,-0.0487285815179348
16,0,12,0.5376165509223938,0.5774378180503845,-0.051955871284008
16,0,13,0.6349807381629944,0.6511216163635254,-0.0336275435984134
16,0,14,0.5973654985427856,0.6468546390533447,-0.0486611761152744
16,0,15,0.6117926836013794,0.6555556654930115,-0.0470159687101841
16,0,16,0.6330409646034241,0.6615108251571655,-0.0422683581709861
16,0,17,0.6296324729919434,0.6831406354904175,-0.038001250475645
16,0,18,0.6101641058921814,0.6844748258590698,-0.0489873364567756
16,0,19,0.6238589882850647,0.6911125779151917,-0.0459820441901683
16,0,20,0.63993901014328,0.693709135055542,-0.0408465936779975
16,0,24,0.7184447050094604,0.5234634280204773,-0.0988032817840576
16,0,25,0.8885078430175781,0.8750840425491333,-0.5251416563987732
16,1,0,0.0,0.0,0.0
16,1,1,0.0,0.0,0.0
16,1,2,0.0,0.0,0.0
16,1,3,0.0,0.0,0.0
16,1,4,0.0,0.0,0.0
16,1,5,0.0,0.0,0.0
16,1,6,0.0,0.0,0.0
16,1,7,0.0,0.0,0.0
16,1,8,0.0,0.0,0.0
16,1,9,0.0,0.0,0.0
16,1,10,0.0,0.0,0.0
16,1,11,0.0,0.0,0.0
16,1,12,0.0,0.0,0.0
16,1,13,0.0,0.0,0.0
16,1,14,0.0,0.0,0.0
16,1,15,0.0,0.0,0.0
16,1,16,0.0,0.0,0.0
16,1,17,0.0,0.0,0.0
16,1,18,0.0,0.0,0.0
16,1,19,0.0,0.0,0.0
16,1,20,0.0,0.0,0.0
16,1,24,0.320469319820404,0.5148463845252991,-0.0944799482822418
16,1,25,0.2110297977924347,0.8130347728729248,-0.2031727880239486
20,0,0,0.6687664985656738,0.824425995349884,4.640881456907664e-07
20,0,1,0.6491649746894836,0.778975784778595,-0.0150015987455844
20,0,2,0.6098601818084717,0.7413724660873413,-0.0239369329065084
20,0,3,0.5876246690750122,0.7058872580528259,-0.0319678597152233
20,0,4,0.5815750956535339,0.675301730632782,-0.0404565297067165
20,0,5,0.5672100782394409,0.7723623514175415,-0.0260080676525831
20,0,6,0.5094760656356812,0.7749765515327454,-0.03823022544384
20,0,7,0.4725105464458465,0.7801788449287415,-0.0443760231137275
20,0,8,0.4446342587471008,0.7840060591697693,-0.0471777580678463
20,0,9,0.5636612772941589,0.8089285492897034,-0.0259057264775037
20,0,10,0.5060585141181946,0.8187704086303711,-0.0375534370541572
20,0,11,0.4663711786270141,0.8251013159751892,-0.0437387488782405
20,0,12,0.4361962378025055,0.828593909740448,-0.0460431575775146
20,0,13,0.5703059434890747,0.843458354473114,-0.0257844626903533
20,0,14,0.5493059158325195,0.846981406211853,-0.0393887050449848
20,0,15,0.5684030055999756,0.8431416153907776,-0.0400069952011108
20,0,16,0.588446855545044,0.8387333154678345,-0.0349132344126701
20,0,17,0.5826618671417236,0.8730477094650269,-0.0267702061682939
20,0,18,0.5742342472076416,0.872054398059845,-0.0332111231982708
20,0,19,0.5895475149154663,0.8688185214996338,-0.0284848883748054
20,0,20,0.6039156317710876,0.8651698231697083,-0.0213712640106678
20,0,24,0.7108290195465088,0.5344792604446411,-0.2999128103256225
20,0,25,0.8696205615997314,0.8817906975746155,-0.69869065284729
20,1,0,0.0,0.0,0.0
20,1,1,0.0,0.0,0.0
20,1,2,0.0,0.0,0.0
20,1,3,0.0,0.0,0.0
20,1,4,0.0,0.0,0.0
20,1,5,0.0,0.0,0.0
20,1,6,0.0,0.0,0.0
20,1,7,0.0,0.0,0.0
20,1,8,0.0,0.0,0.0
20,1,9,0.0,0.0,0.0
20,1,10,0.0,0.0,0.0
20,1,11,0.0,0.0,0.0
20,1,12,0.0,0.0,0.0
20,1,13,0.0,0.0,0.0
20,1,14,0.0,0.0,0.0
20,1,15,0.0,0.0,0.0
20,1,16,0.0,0.0,0.0
20,1,17,0.0,0.0,0.0
20,1,18,0.0,0.0,0.0
20,1,19,0.0,0.0,0.0
20,1,20,0.0,0.0,0.0
20,1,24,0.3206226527690887,0.5185872912406921,-0.2909348607063293
20,1,25,0.2084077894687652,0.8138562440872192,-0.361672043800354
21,0,0,0.6718413829803467,0.8546205759048462,1.579008568342033e-07
21,0,1,0.645486056804657,0.8053016066551208,-0.0095319161191582
21,0,2,0.598014235496521,0.7738866806030273,-0.0179797261953353
21,0,3,0.5702218413352966,0.7406116724014282,-0.0257240552455186
21,0,4,0.5640602111816406,0.7081791758537292,-0.0351896807551384
21,0,5,0.5584753751754761,0.8076115250587463,-0.0266127828508615
21,0,6,0.4996916651725769,0.8133301734924316,-0.0376068204641342
21,0,7,0.4596091508865356,0.8146768808364868,-0.0449595525860786
21,0,8,0.4297980666160583,0.8155100345611572,-0.0508784651756286
21,0,9,0.5568854808807373,0.8450332880020142,-0.0261390823870897
21,0,10,0.5289690494537354,0.855445384979248,-0.0378709286451339
21,0,11,0.5480435490608215,0.8548452258110046,-0.0378241799771785
21,0,12,0.5695234537124634,0.8516698479652405,-0.0362335667014122
21,0,13,0.5645620822906494,0.8804841041564941,-0.0248987488448619
21,0,14,0.5486546754837036,0.8820949792861938,-0.0308206025511026
21,0,15,0.5650025010108948,0.8790795803070068,-0.0238076206296682
21,0,16,0.584463357925415,0.8755178451538086,-0.0187724996358156
21,0,17,0.5767890214920044,0.910323202610016,-0.0247521679848432
21,0,18,0.5691533088684082,0.9070432186126708,-0.0261358823627233
21,0,19,0.5851069688796997,0.9022458791732788,-0.0192460119724273
21,0,20,0.600071370601654,0.8988040089607239,-0.0131298154592514
21,0,24,0.7208265662193298,0.5368208885192871,-0.2905840277671814
21,0,25,0.864623486995697,0.8734580874443054,-0.590946614742279
21,1,0,0.0,0.0,0.0
21,1,1,0.0,0.0,0.0
21,1,2,0.0,0.0,0.0
21,1,3,0.0,0.0,0.0
21,1,4,0.0,0.0,0.0
21,1,5,0.0,0.0,0.0
21,1,6,0.0,0.0,0.0
21,1,7,0.0,0.0,0.0
21,1,8,0.0,0.0,0.0
21,1,9,0.0,0.0,0.0
21,1,10,0.0,0.0,0.0
21,1,11,0.0,0.0,0.0
21,1,12,0.0,0.0,0.0
21,1,13,0.0,0.0,0.0
21,1,14,0.0,0.0,0.0
21,1,15,0.0,0.0,0.0
21,1,16,0.0,0.0,0.0
21,1,17,0.0,0.0,0.0
21,1,18,0.0,0.0,0.0
21,1,19,0.0,0.0,0.0
21,1,20,0.0,0.0,0.0
21,1,24,0.3164245784282684,0.5243411660194397,-0.2547771334648132
21,1,25,0.2158178389072418,0.8138755559921265,-0.3558060824871063
22,0,0,0.6684389710426331,0.8802269101142883,2.97464424647842e-07
22,0,1,0.6394696235656738,0.8302817344665527,-0.0159926749765872
22,0,2,0.5906994342803955,0.7981020212173462,-0.026451164856553
22,0,3,0.5590185523033142,0.7672920823097229,-0.0352975167334079
22,0,4,0.5510826706886292,0.7361671328544617,-0.0453092940151691
22,0,5,0.5483779907226562,0.8461387157440186,-0.0279988851398229
22,0,6,0.4962690770626068,0.8495090007781982,-0.0393472127616405
22,0,7,0.4625765979290008,0.8530291318893433,-0.0473606474697589
22,0,8,0.4378396272659302,0.8556740283966064,-0.0531587935984134
22,0,9,0.5521210432052612,0.8884587287902832,-0.025958964601159
22,0,10,0.5095987915992737,0.9022873044013976,-0.0364268645644187
22,0,11,0.5036471486091614,0.908079206943512,-0.0408206284046173
22,0,12,0.5049057006835938,0.9132784605026244,-0.0431092269718647
22,0,13,0.5646324753761292,0.9248647689819336,-0.0236464589834213
22,0,14,0.5408527851104736,0.9287267327308656,-0.0317714549601078
22,0,15,0.553255558013916,0.9222537875175476,-0.0291355904191732
22,0,16,0.5707947015762329,0.9168144464492798,-0.0257693566381931
22,0,17,0.5815024375915527,0.9532175064086914,-0.0229696743190288
22,0,18,0.5675819516181946,0.9497334361076356,-0.0263114515691995
22,0,19,0.5787472128868103,0.9422996640205384,-0.0215315371751785
22,0,20,0.5926872491836548,0.9369637966156006,-0.0164086185395717
22,0,24,0.7207958102226257,0.535163402557373,-0.391032338142395
22,0,25,0.8858135342597961,0.8855552077293396,-0.6208068132400513
22,1,0,0.0,0.0,0.0
22,1,1,0.0,0.0,0.0
22,1,2,0.0,0.0,0.0
22,1,3,0.0,0.0,0.0
22,1,4,0.0,0.0,0.0
22,1,5,0.0,0.0,0.0
22,1,6,0.0,0.0,0.0
22,1,7,0.0,0.0,0.0
22,1,8,0.0,0.0,0.0
22,1,9,0.0,0.0,0.0
22,1,10,0.0,0.0,0.0
22,1,11,0.0,0.0,0.0
22,1,12,0.0,0.0,0.0
22,1,13,0.0,0.0,0.0
22,1,14,0.0,0.0,0.0
22,1,15,0.0,0.0,0.0
22,1,16,0.0,0.0,0.0
22,1,17,0.0,0.0,0.0
22,1,18,0.0,0.0,0.0
22,1,19,0.0,0.0,0.0
22,1,20,0.0,0.0,0.0
22,1,24,0.3186068534851074,0.5225582122802734,-0.3248513042926788
22,1,25,0.2101423144340515,0.8235037922859192,-0.271925538778305
25,0,0,0.0,0.0,0.0
25,0,1,0.0,0.0,0.0
25,0,2,0.0,0.0,0.0
25,0,3,0.0,0.0,0.0
25,0,4,0.0,0.0,0.0
25,0,5,0.0,0.0,0.0
25,0,6,0.0,0.0,0.0
25,0,7,0.0,0.0,0.0
25,0,8,0.0,0.0,0.0
25,0,9,0.0,0.0,0.0
25,0,10,0.0,0.0,0.0
25,0,11,0.0,0.0,0.0
25,0,12,0.0,0.0,0.0
25,0,13,0.0,0.0,0.0
25,0,14,0.0,0.0,0.0
25,0,15,0.0,0.0,0.0
25,0,16,0.0,0.0,0.0
25,0,17,0.0,0.0,0.0
25,0,18,0.0,0.0,0.0
25,0,19,0.0,0.0,0.0
25,0,20,0.0,0.0,0.0
25,0,24,0.7251678109169006,0.530129075050354,-0.1360320746898651
25,0,25,0.8846063613891602,0.8654792308807373,-0.2375921607017517
25,1,0,0.0,0.0,0.0
25,1,1,0.0,0.0,0.0
25,1,2,0.0,0.0,0.0
25,1,3,0.0,0.0,0.0
25,1,4,0.0,0.0,0.0
25,1,5,0.0,0.0,0.0
25,1,6,0.0,0.0,0.0
25,1,7,0.0,0.0,0.0
25,1,8,0.0,0.0,0.0
25,1,9,0.0,0.0,0.0
25,1,10,0.0,0.0,0.0
25,1,11,0.0,0.0,0.0
25,1,12,0.0,0.0,0.0
25,1,13,0.0,0.0,0.0
25,1,14,0.0,0.0,0.0
25,1,15,0.0,0.0,0.0
25,1,16,0.0,0.0,0.0
25,1,17,0.0,0.0,0.0
25,1,18,0.0,0.0,0.0
25,1,19,0.0,0.0,0.0
25,1,20,0.0,0.0,0.0
25,1,24,0.3182547986507416,0.5272943377494812,-0.2011118233203888
25,1,25,0.204924076795578,0.8492547869682312,-0.1649228483438491
27,0,0,0.0,0.0,0.0
27,0,1,0.0,0.0,0.0
27,0,2,0.0,0.0,0.0
27,0,3,0.0,0.0,0.0
27,0,4,0.0,0.0,0.0
27,0,5,0.0,0.0,0.0
27,0,6,0.0,0.0,0.0
27,0,7,0.0,0.0,0.0
27,0,8,0.0,0.0,0.0
27,0,9,0.0,0.0,0.0
27,0,10,0.0,0.0,0.0
27,0,11,0.0,0.0,0.0
27,0,12,0.0,0.0,0.0
27,0,13,0.0,0.0,0.0
27,0,14,0.0,0.0,0.0
27,0,15,0.0,0.0,0.0
27,0,16,0.0,0.0,0.0
27,0,17,0.0,0.0,0.0
27,0,18,0.0,0.0,0.0
27,0,19,0.0,0.0,0.0
27,0,20,0.0,0.0,0.0
27,0,24,0.7268389463424683,0.531309962272644,-0.3452568650245666
27,0,25,0.8776395320892334,0.8603179454803467,-0.4840953350067138
27,1,0,0.0,0.0,0.0
27,1,1,0.0,0.0,0.0
27,1,2,0.0,0.0,0.0
27,1,3,0.0,0.0,0.0
27,1,4,0.0,0.0,0.0
27,1,5,0.0,0.0,0.0
27,1,6,0.0,0.0,0.0
27,1,7,0.0,0.0,0.0
27,1,8,0.0,0.0,0.0
27,1,9,0.0,0.0,0.0
27,1,10,0.0,0.0,0.0
27,1,11,0.0,0.0,0.0
27,1,12,0.0,0.0,0.0
27,1,13,0.0,0.0,0.0
27,1,14,0.0,0.0,0.0
27,1,15,0.0,0.0,0.0
27,1,16,0.0,0.0,0.0
27,1,17,0.0,0.0,0.0
27,1,18,0.0,0.0,0.0
27,1,19,0.0,0.0,0.0
27,1,20,0.0,0.0,0.0
27,1,24,0.3197599053382873,0.5209332704544067,-0.3285119235515594
27,1,25,0.2098134458065033,0.8168275356292725,-0.3243086040019989
29,0,0,0.0,0.0,0.0
29,0,1,0.0,0.0,0.0
29,0,2,0.0,0.0,0.0
29,0,3,0.0,0.0,0.0
29,0,4,0.0,0.0,0.0
29,0,5,0.0,0.0,0.0
29,0,6,0.0,0.0,0.0
29,0,7,0.0,0.0,0.0
29,0,8,0.0,0.0,0.0
29,0,9,0.0,0.0,0.0
29,0,10,0.0,0.0,0.0
29,0,11,0.0,0.0,0.0
29,0,12,0.0,0.0,0.0
29,0,13,0.0,0.0,0.0
29,0,14,0.0,0.0,0.0
29,0,15,0.0,0.0,0.0
29,0,16,0.0,0.0,0.0
29,0,17,0.0,0.0,0.0
29,0,18,0.0,0.0,0.0
29,0,19,0.0,0.0,0.0
29,0,20,0.0,0.0,0.0
29,0,24,0.7203710675239563,0.5240099430084229,-0.2826406955718994
29,0,25,0.8726227879524231,0.8447211384773254,-0.3629426956176758
29,1,0,0.0,0.0,0.0
29,1,1,0.0,0.0,0.0
29,1,2,0.0,0.0,0.0
29,1,3,0.0,0.0,0.0
29,1,4,0.0,0.0,0.0
29,1,5,0.0,0.0,0.0
29,1,6,0.0,0.0,0.0
29,1,7,0.0,0.0,0.0
29,1,8,0.0,0.0,0.0
29,1,9,0.0,0.0,0.0
29,1,10,0.0,0.0,0.0
29,1,11,0.0,0.0,0.0
29,1,12,0.0,0.0,0.0
29,1,13,0.0,0.0,0.0
29,1,14,0.0,0.0,0.0
29,1,15,0.0,0.0,0.0
29,1,16,0.0,0.0,0.0
29,1,17,0.0,0.0,0.0
29,1,18,0.0,0.0,0.0
29,1,19,0.0,0.0,0.0
29,1,20,0.0,0.0,0.0
29,1,24,0.3174109160900116,0.5238649249076843,-0.3129268884658813
29,1,25,0.2100696861743927,0.8224318027496338,-0.3226165175437927
31,0,0,0.0,0.0,0.0
31,0,1,0.0,0.0,0.0
31,0,2,0.0,0.0,0.0
31,0,3,0.0,0.0,0.0
31,0,4,0.0,0.0,0.0
31,0,5,0.0,0.0,0.0
31,0,6,0.0,0.0,0.0
31,0,7,0.0,0.0,0.0
31,0,8,0.0,0.0,0.0
31,0,9,0.0,0.0,0.0
31,0,10,0.0,0.0,0.0
31,0,11,0.0,0.0,0.0
31,0,12,0.0,0.0,0.0
31,0,13,0.0,0.0,0.0
31,0,14,0.0,0.0,0.0
31,0,15,0.0,0.0,0.0
31,0,16,0.0,0.0,0.0
31,0,17,0.0,0.0,0.0
31,0,18,0.0,0.0,0.0
31,0,19,0.0,0.0,0.0
31,0,20,0.0,0.0,0.0
31,0,24,0.725223183631897,0.5269479155540466,-0.3359451591968536
31,0,25,0.8765779733657837,0.8588827848434448,-0.4300055503845215
31,1,0,0.0,0.0,0.0
31,1,1,0.0,0.0,0.0
31,1,2,0.0,0.0,0.0
31,1,3,0.0,0.0,0.0
31,1,4,0.0,0.0,0.0
31,1,5,0.0,0.0,0.0
31,1,6,0.0,0.0,0.0
31,1,7,0.0,0.0,0.0
31,1,8,0.0,0.0,0.0
31,1,9,0.0,0.0,0.0
31,1,10,0.0,0.0,0.0
31,1,11,0.0,0.0,0.0
31,1,12,0.0,0.0,0.0
31,1,13,0.0,0.0,0.0
31,1,14,0.0,0.0,0.0
31,1,15,0.0,0.0,0.0
31,1,16,0.0,0.0,0.0
31,1,17,0.0,0.0,0.0
31,1,18,0.0,0.0,0.0
31,1,19,0.0,0.0,0.0
31,1,20,0.0,0.0,0.0
31,1,24,0.3175799250602722,0.5233937501907349,-0.3345096707344055
31,1,25,0.2123836576938629,0.8126468658447266,-0.3351196944713592
34,0,0,0.6689552068710327,0.9364607930183412,1.745408297892937e-07
34,0,1,0.6332432627677917,0.8937572836875916,-0.0150865912437438
34,0,2,0.5741147994995117,0.874015212059021,-0.02440613694489
34,0,3,0.5337255597114563,0.8525257706642151,-0.0313804559409618
34,0,4,0.5171563625335693,0.8243057727813721,-0.0395799875259399
34,0,5,0.5433145761489868,0.932306170463562,-0.0266420617699623
34,0,6,0.4868479073047638,0.9602444171905518,-0.0367448814213275
34,0,7,0.4480490684509277,0.980197548866272,-0.0444600284099578
34,0,8,0.4188316464424133,0.996195912361145,-0.0515034757554531
34,0,9,0.5552427172660828,0.9711024165153505,-0.0232328958809375
34,0,10,0.5214955806732178,0.9935798645019532,-0.03731469810009
34,0,11,0.5387940406799316,0.9852279424667358,-0.0388704352080822
34,0,12,0.55958491563797,0.9779077768325806,-0.0381788946688175
34,0,13,0.5743584036827087,1.0013699531555176,-0.0196864735335111
34,0,14,0.5402498245239258,1.0201966762542725,-0.0309615787118673
34,0,15,0.5532434582710266,1.0113385915756226,-0.0250717364251613
34,0,16,0.5718953013420105,1.0035792589187622,-0.019202472642064
34,0,17,0.5944390296936035,1.0236172676086426,-0.0171191729605197
34,0,18,0.5659842491149902,1.035940408706665,-0.0245882887393236
34,0,19,0.5775431990623474,1.0275334119796753,-0.0190278571099042
34,0,20,0.5925242304801941,1.020412564277649,-0.0131729487329721
34,0,24,0.7224177122116089,0.5280242562294006,-0.1790069192647934
34,0,25,0.875368595123291,0.8435314893722534,-0.2409247905015945
34,1,0,0.0,0.0,0.0
34,1,1,0.0,0.0,0.0
34,1,2,0.0,0.0,0.0
34,1,3,0.0,0.0,0.0
34,1,4,0.0,0.0,0.0
34,1,5,0.0,0.0,0.0
34,1,6,0.0,0.0,0.0
34,1,7,0.0,0.0,0.0
34,1,8,0.0,0.0,0.0
34,1,9,0.0,0.0,0.0
34,1,10,0.0,0.0,0.0
34,1,11,0.0,0.0,0.0
34,1,12,0.0,0.0,0.0
34,1,13,0.0,0.0,0.0
34,1,14,0.0,0.0,0.0
34,1,15,0.0,0.0,0.0
34,1,16,0.0,0.0,0.0
34,1,17,0.0,0.0,0.0
34,1,18,0.0,0.0,0.0
34,1,19,0.0,0.0,0.0
34,1,20,0.0,0.0,0.0
34,1,24,0.3177012205123901,0.5206733345985413,-0.2456793487071991
34,1,25,0.2162046432495117,0.8170267939567566,-0.2217255383729934
35,0,0,0.0,0.0,0.0
35,0,1,0.0,0.0,0.0
35,0,2,0.0,0.0,0.0
35,0,3,0.0,0.0,0.0
35,0,4,0.0,0.0,0.0
35,0,5,0.0,0.0,0.0
35,0,6,0.0,0.0,0.0
35,0,7,0.0,0.0,0.0
35,0,8,0.0,0.0,0.0
35,0,9,0.0,0.0,0.0
35,0,10,0.0,0.0,0.0
35,0,11,0.0,0.0,0.0
35,0,12,0.0,0.0,0.0
35,0,13,0.0,0.0,0.0
35,0,14,0.0,0.0,0.0
35,0,15,0.0,0.0,0.0
35,0,16,0.0,0.0,0.0
35,0,17,0.0,0.0,0.0
35,0,18,0.0,0.0,0.0
35,0,19,0.0,0.0,0.0
35,0,20,0.0,0.0,0.0
35,0,24,0.7242955565452576,0.5291178822517395,-0.1413336396217346
35,0,25,0.8767080307006836,0.8489471077919006,-0.2584805190563202
35,1,0,0.0,0.0,0.0
35,1,1,0.0,0.0,0.0
35,1,2,0.0,0.0,0.0
35,1,3,0.0,0.0,0.0
35,1,4,0.0,0.0,0.0
35,1,5,0.0,0.0,0.0
35,1,6,0.0,0.0,0.0
35,1,7,0.0,0.0,0.0
35,1,8,0.0,0.0,0.0
35,1,9,0.0,0.0,0.0
35,1,10,0.0,0.0,0.0
35,1,11,0.0,0.0,0.0
35,1,12,0.0,0.0,0.0
35,1,13,0.0,0.0,0.0
35,1,14,0.0,0.0,0.0
35,1,15,0.0,0.0,0.0
35,1,16,0.0,0.0,0.0
35,1,17,0.0,0.0,0.0
35,1,18,0.0,0.0,0.0
35,1,19,0.0,0.0,0.0
35,1,20,0.0,0.0,0.0
35,1,24,0.3190225958824157,0.5228838920593262,-0.1819320619106292
35,1,25,0.2138865292072296,0.8160587549209595,-0.2378705739974975
39,0,0,0.5371090173721313,0.9276252388954164,2.274050387995885e-07
39,0,1,0.5358601212501526,0.8955955505371094,-0.0281185749918222
39,0,2,0.5332081913948059,0.8633052110671997,-0.0598274394869804
39,0,3,0.5213584899902344,0.836258053779602,-0.0895200222730636
39,0,4,0.5152459740638733,0.8092834949493408,-0.122878149151802
39,0,5,0.5470766425132751,0.8953508138656616,-0.0807650908827781
39,0,6,0.5326233506202698,0.9033592939376832,-0.1129177659749984
39,0,7,0.5134552717208862,0.914699912071228,-0.1353256851434707
39,0,8,0.4939290881156921,0.9274288415908812,-0.1502214968204498
39,0,9,0.5362999439239502,0.9264203906059264,-0.0831543132662773
39,0,10,0.5058608651161194,0.938657820224762,-0.117010474205017
39,0,11,0.478461742401123,0.9561338424682616,-0.1343664079904556
39,0,12,0.4505125880241394,0.9735752940177916,-0.1464833915233612
39,0,13,0.5264717936515808,0.953429639339447,-0.0843970775604248
39,0,14,0.4950360953807831,0.9674975872039796,-0.1126312240958213
39,0,15,0.4706032872200012,0.9831817150115968,-0.1240431815385818
39,0,16,0.4467994272708893,0.997127652168274,-0.131008893251419
39,0,17,0.5173380374908447,0.9738397002220154,-0.0873600989580154
39,0,18,0.4866800606250763,0.985537052154541,-0.1086898297071456
39,0,19,0.4640181064605713,0.9982144832611084,-0.1148290112614631
39,0,20,0.4420838356018066,1.0109308958053589,-0.1188426092267036
39,0,24,0.7228842973709106,0.525826096534729,-0.275265097618103
39,0,25,0.8701139092445374,0.8508343696594238,-0.370831161737442
39,1,0,0.0,0.0,0.0
39,1,1,0.0,0.0,0.0
39,1,2,0.0,0.0,0.0
39,1,3,0.0,0.0,0.0
39,1,4,0.0,0.0,0.0
39,1,5,0.0,0.0,0.0
39,1,6,0.0,0.0,0.0
39,1,7,0.0,0.0,0.0
39,1,8,0.0,0.0,0.0
39,1,9,0.0,0.0,0.0
39,1,10,0.0,0.0,0.0
39,1,11,0.0,0.0,0.0
39,1,12,0.0,0.0,0.0
39,1,13,0.0,0.0,0.0
39,1,14,0.0,0.0,0.0
39,1,15,0.0,0.0,0.0
39,1,16,0.0,0.0,0.0
39,1,17,0.0,0.0,0.0
39,1,18,0.0,0.0,0.0
39,1,19,0.0,0.0,0.0
39,1,20,0.0,0.0,0.0
39,1,24,0.318669855594635,0.522287905216217,-0.285282552242279
39,1,25,0.2175523340702057,0.8174339532852173,-0.2847747504711151
40,0,0,0.6769946217536926,0.9335781335830688,3.109419424163207e-07
40,0,1,0.6377866268157959,0.8918371200561523,-0.0217098705470561
40,0,2,0.5763086080551147,0.8713127374649048,-0.0315413139760494
40,0,3,0.5346235632896423,0.8487078547477722,-0.037794541567564
40,0,4,0.5174548625946045,0.8192034959793091,-0.0445489361882209
40,0,5,0.5429519414901733,0.9328750967979432,-0.0267947409301996
40,0,6,0.4850130081176758,0.9583837389945984,-0.0340130142867565
40,0,7,0.4482398629188537,0.9801308512687684,-0.0398174151778221
40,0,8,0.4214415550231933,0.9976784586906432,-0.0452651865780353
40,0,9,0.5576855540275574,0.974299967288971,-0.020680297166109
40,0,10,0.5128045678138733,1.013664484024048,-0.0285341739654541
40,0,11,0.4982151985168457,1.030816674232483,-0.0335169360041618
40,0,12,0.493131935596466,1.0412039756774902,-0.0370964668691158
40,0,13,0.5772079229354858,1.0038793087005615,-0.0152231557294726
40,0,14,0.536648154258728,1.0372196435928345,-0.0216800291091203
40,0,15,0.5251332521438599,1.0487430095672607,-0.0229477528482675
40,0,16,0.5195711851119995,1.0548454523086548,-0.0235089603811502
40,0,17,0.598142683506012,1.0224432945251465,-0.0115844132378697
40,0,18,0.5664885640144348,1.0476332902908323,-0.0162662509828805
40,0,19,0.5581165552139282,1.0598660707473757,-0.0151646584272384
40,0,20,0.5532702207565308,1.066452145576477,-0.0133494604378938
40,0,24,0.7235039472579956,0.528576135635376,-0.1868800222873687
40,0,25,0.8785830736160278,0.8498271703720093,-0.2881476879119873
40,1,0,0.0,0.0,0.0
40,1,1,0.0,0.0,0.0
40,1,2,0.0,0.0,0.0
40,1,3,0.0,0.0,0.0
40,1,4,0.0,0.0,0.0
40,1,5,0.0,0.0,0.0
40,1,6,0.0,0.0,0.0
40,1,7,0.0,0.0,0.0
40,1,8,0.0,0.0,0.0
40,1,9,0.0,0.0,0.0
40,1,10,0.0,0.0,0.0
40,1,11,0.0,0.0,0.0
40,1,12,0.0,0.0,0.0
40,1,13,0.0,0.0,0.0
40,1,14,0.0,0.0,0.0
40,1,15,0.0,0.0,0.0
40,1,16,0.0,0.0,0.0
40,1,17,0.0,0.0,0.0
40,1,18,0.0,0.0,0.0
40,1,19,0.0,0.0,0.0
40,1,20,0.0,0.0,0.0
40,1,24,0.3198547959327698,0.5235380530357361,-0.2151776254177093
40,1,25,0.2167740166187286,0.8160791397094727,-0.2172290682792663
