Frame,Hand,Landmark,X,Y,Z
1,0,0,0.6781194806098938,0.7457382678985596,-5.741977133766341e-07
1,0,1,0.6775342226028442,0.7093810439109802,-0.0118910642340779
1,0,2,0.6995376944541931,0.6740045547485352,-0.0163407362997531
1,0,3,0.7201727032661438,0.6527632474899292,-0.0211637914180755
1,0,4,0.7305026054382324,0.6311179399490356,-0.023618271574378
1,0,5,0.748371958732605,0.6675620079040527,-0.007357326336205
1,0,6,0.7500846982002258,0.6574805974960327,-0.0273750927299261
1,0,7,0.7240048050880432,0.6668893098831177,-0.0390991121530532
1,0,8,0.70794677734375,0.674984872341156,-0.0438550114631652
1,0,9,0.7614514827728271,0.6950544118881226,-0.0101372534409165
1,0,10,0.7377499938011169,0.697897732257843,-0.025393258780241
1,0,11,0.7071969509124756,0.7044970393180847,-0.02876559458673
1,0,12,0.7004545331001282,0.7073487639427185,-0.0286473799496889
1,0,13,0.7623387575149536,0.7260664701461792,-0.0161085687577724
1,0,14,0.7353648543357849,0.7301832437515259,-0.0316221341490745
1,0,15,0.708967924118042,0.7320235967636108,-0.0282172579318285
1,0,16,0.7060838937759399,0.7309962511062622,-0.0231438670307397
1,0,17,0.7576569318771362,0.7559981346130371,-0.0236043557524681
1,0,18,0.735004723072052,0.7589301466941833,-0.0323464050889015
1,0,19,0.713767945766449,0.7556015253067017,-0.0277120769023895
1,0,20,0.7090744376182556,0.7521705627441406,-0.021755926311016
1,0,21,0.5692996382713318,0.320132315158844,-1.2405264377593994
1,0,22,0.59506756067276,0.2798864841461181,-1.1983317136764526
1,0,23,0.5855671763420105,0.3564300537109375,-1.087118148803711
1,0,24,0.7039336562156677,0.4926673769950866,-0.4766224324703216
1,0,25,0.7167719006538391,0.7860581278800964,-0.6386101245880127
1,1,0,0.0,0.0,0.0
1,1,1,0.0,0.0,0.0
1,1,2,0.0,0.0,0.0
1,1,3,0.0,0.0,0.0
1,1,4,0.0,0.0,0.0
1,1,5,0.0,0.0,0.0
1,1,6,0.0,0.0,0.0
1,1,7,0.0,0.0,0.0
1,1,8,0.0,0.0,0.0
1,1,9,0.0,0.0,0.0
1,1,10,0.0,0.0,0.0
1,1,11,0.0,0.0,0.0
1,1,12,0.0,0.0,0.0
1,1,13,0.0,0.0,0.0
1,1,14,0.0,0.0,0.0
1,1,15,0.0,0.0,0.0
1,1,16,0.0,0.0,0.0
1,1,17,0.0,0.0,0.0
1,1,18,0.0,0.0,0.0
1,1,19,0.0,0.0,0.0
1,1,20,0.0,0.0,0.0
1,1,21,0.5692996382713318,0.320132315158844,-1.2405264377593994
1,1,22,0.5280236601829529,0.2771005034446716,-1.211673617362976
1,1,23,0.5379987955093384,0.356961190700531,-1.1036049127578735
1,1,24,0.3459696173667907,0.4923091530799866,-0.5483777523040771
1,1,25,0.3109497129917145,0.7838248610496521,-0.5313648581504822
6,0,0,0.0,0.0,0.0
6,0,1,0.0,0.0,0.0
6,0,2,0.0,0.0,0.0
6,0,3,0.0,0.0,0.0
6,0,4,0.0,0.0,0.0
6,0,5,0.0,0.0,0.0
6,0,6,0.0,0.0,0.0
6,0,7,0.0,0.0,0.0
6,0,8,0.0,0.0,0.0
6,0,9,0.0,0.0,0.0
6,0,10,0.0,0.0,0.0
6,0,11,0.0,0.0,0.0
6,0,12,0.0,0.0,0.0
6,0,13,0.0,0.0,0.0
6,0,14,0.0,0.0,0.0
6,0,15,0.0,0.0,0.0
6,0,16,0.0,0.0,0.0
6,0,17,0.0,0.0,0.0
6,0,18,0.0,0.0,0.0
6,0,19,0.0,0.0,0.0
6,0,20,0.0,0.0,0.0
6,0,21,0.5710306167602539,0.3278149962425232,-1.232630729675293
6,0,22,0.5952107906341553,0.2887367010116577,-1.1939915418624878
6,0,23,0.585107684135437,0.3631612658500671,-1.0772924423217771
6,0,24,0.6988345980644226,0.491018533706665,-0.4560937583446502
6,0,25,0.7455050945281982,0.7785487174987793,-0.6591469645500183
6,1,0,0.0,0.0,0.0
6,1,1,0.0,0.0,0.0
6,1,2,0.0,0.0,0.0
6,1,3,0.0,0.0,0.0
6,1,4,0.0,0.0,0.0
6,1,5,0.0,0.0,0.0
6,1,6,0.0,0.0,0.0
6,1,7,0.0,0.0,0.0
6,1,8,0.0,0.0,0.0
6,1,9,0.0,0.0,0.0
6,1,10,0.0,0.0,0.0
6,1,11,0.0,0.0,0.0
6,1,12,0.0,0.0,0.0
6,1,13,0.0,0.0,0.0
6,1,14,0.0,0.0,0.0
6,1,15,0.0,0.0,0.0
6,1,16,0.0,0.0,0.0
6,1,17,0.0,0.0,0.0
6,1,18,0.0,0.0,0.0
6,1,19,0.0,0.0,0.0
6,1,20,0.0,0.0,0.0
6,1,21,0.5710306167602539,0.3278149962425232,-1.232630729675293
6,1,22,0.5305461883544922,0.2838349342346191,-1.2104380130767822
6,1,23,0.5416043996810913,0.3628294467926025,-1.0987269878387451
6,1,24,0.3422689139842987,0.4898606240749359,-0.5516443848609924
6,1,25,0.3045106530189514,0.7795138359069824,-0.5464081168174744
10,0,0,0.0,0.0,0.0
10,0,1,0.0,0.0,0.0
10,0,2,0.0,0.0,0.0
10,0,3,0.0,0.0,0.0
10,0,4,0.0,0.0,0.0
10,0,5,0.0,0.0,0.0
10,0,6,0.0,0.0,0.0
10,0,7,0.0,0.0,0.0
10,0,8,0.0,0.0,0.0
10,0,9,0.0,0.0,0.0
10,0,10,0.0,0.0,0.0
10,0,11,0.0,0.0,0.0
10,0,12,0.0,0.0,0.0
10,0,13,0.0,0.0,0.0
10,0,14,0.0,0.0,0.0
10,0,15,0.0,0.0,0.0
10,0,16,0.0,0.0,0.0
10,0,17,0.0,0.0,0.0
10,0,18,0.0,0.0,0.0
10,0,19,0.0,0.0,0.0
10,0,20,0.0,0.0,0.0
10,0,21,0.5758508443832397,0.3294165730476379,-1.0330549478530884
10,0,22,0.6027176380157471,0.2916669845581054,-0.9934418201446532
10,0,23,0.5905712842941284,0.3665761947631836,-0.8922876119613647
10,0,24,0.690424919128418,0.4848161339759826,-0.3761482536792755
10,0,25,0.7657470107078552,0.7862147092819214,-0.6892270445823669
10,1,0,0.0,0.0,0.0
10,1,1,0.0,0.0,0.0
10,1,2,0.0,0.0,0.0
10,1,3,0.0,0.0,0.0
10,1,4,0.0,0.0,0.0
10,1,5,0.0,0.0,0.0
10,1,6,0.0,0.0,0.0
10,1,7,0.0,0.0,0.0
10,1,8,0.0,0.0,0.0
10,1,9,0.0,0.0,0.0
10,1,10,0.0,0.0,0.0
10,1,11,0.0,0.0,0.0
10,1,12,0.0,0.0,0.0
10,1,13,0.0,0.0,0.0
10,1,14,0.0,0.0,0.0
10,1,15,0.0,0.0,0.0
10,1,16,0.0,0.0,0.0
10,1,17,0.0,0.0,0.0
10,1,18,0.0,0.0,0.0
10,1,19,0.0,0.0,0.0
10,1,20,0.0,0.0,0.0
10,1,21,0.5758508443832397,0.3294165730476379,-1.0330549478530884
10,1,22,0.5395470857620239,0.2846814393997192,-1.0091522932052612
10,1,23,0.5466284155845642,0.3621197938919067,-0.9156143069267272
10,1,24,0.3464961051940918,0.4808638095855713,-0.4017890989780426
10,1,25,0.3082180917263031,0.776221752166748,-0.4034728109836578
12,0,0,0.6323398351669312,0.5506302118301392,-4.687500165800884e-07
12,0,1,0.5989212989807129,0.5085414052009583,0.0048388503491878
12,0,2,0.5920056700706482,0.4657206535339355,0.0049610631540417
12,0,3,0.5905482172966003,0.4342152774333954,0.0006230479921214
12,0,4,0.5882639288902283,0.408330500125885,-0.001902894466184
12,0,5,0.6326919198036194,0.4281951189041137,0.0131179681047797
12,0,6,0.6107432842254639,0.3898309469223022,-0.001045182114467
12,0,7,0.5918784141540527,0.4055447876453399,-0.0095522589981555
12,0,8,0.5900401473045349,0.4232524037361145,-0.0129132913425564
12,0,9,0.641722559928894,0.4348860085010528,0.0042683794163167
12,0,10,0.603091299533844,0.4113904237747192,-0.009694947861135
12,0,11,0.5910620093345642,0.4355183243751526,-0.0123573327437043
12,0,12,0.5978730916976929,0.4528888761997223,-0.0112592643126845
12,0,13,0.6460943818092346,0.4466853141784668,-0.0067801866680383
12,0,14,0.6037818193435669,0.4332101345062256,-0.0194819141179323
12,0,15,0.5963848233222961,0.4571967422962188,-0.0142464637756347
12,0,16,0.6020649075508118,0.4738553166389465,-0.0079697193577885
12,0,17,0.64570152759552,0.4616852104663849,-0.0183246172964572
12,0,18,0.6115304231643677,0.452092170715332,-0.0236142929643392
12,0,19,0.6042824983596802,0.4707988202571869,-0.0176159404218196
12,0,20,0.6074953675270081,0.4849235117435455,-0.0112111754715442
12,0,21,0.5780641436576843,0.3226117491722107,-1.0212886333465576
12,0,22,0.6041199564933777,0.2877972722053528,-0.969327986240387
12,0,23,0.5923894643783569,0.3640041947364807,-0.8703211545944214
12,0,24,0.6841131448745728,0.4784221649169922,-0.3063511848449707
12,0,25,0.7614762783050537,0.7684531211853027,-0.6394911408424377
12,1,0,0.0,0.0,0.0
12,1,1,0.0,0.0,0.0
12,1,2,0.0,0.0,0.0
12,1,3,0.0,0.0,0.0
12,1,4,0.0,0.0,0.0
12,1,5,0.0,0.0,0.0
12,1,6,0.0,0.0,0.0
12,1,7,0.0,0.0,0.0
12,1,8,0.0,0.0,0.0
12,1,9,0.0,0.0,0.0
12,1,10,0.0,0.0,0.0
12,1,11,0.0,0.0,0.0
12,1,12,0.0,0.0,0.0
12,1,13,0.0,0.0,0.0
12,1,14,0.0,0.0,0.0
12,1,15,0.0,0.0,0.0
12,1,16,0.0,0.0,0.0
12,1,17,0.0,0.0,0.0
12,1,18,0.0,0.0,0.0
12,1,19,0.0,0.0,0.0
12,1,20,0.0,0.0,0.0
12,1,21,0.5780641436576843,0.3226117491722107,-1.0212886333465576
12,1,22,0.5418819189071655,0.279476523399353,-0.991386353969574
12,1,23,0.5469413995742798,0.3565980195999145,-0.902454137802124
12,1,24,0.3469098508358001,0.4773001074790954,-0.3879745602607727
12,1,25,0.3029676377773285,0.773589551448822,-0.3180609345436096
16,0,0,0.597707211971283,0.5130525827407837,-4.5545064608631947e-07
16,0,1,0.5732887983322144,0.4802026152610779,0.0019257633248344
16,0,2,0.5707898139953613,0.4403678774833679,0.0021288141142576
16,0,3,0.5718652606010437,0.4111702740192413,-0.001467338996008
16,0,4,0.5740437507629395,0.3913392126560211,-0.003687409684062
16,0,5,0.6058847904205322,0.4049276113510132,0.0093242647126317
16,0,6,0.5936040878295898,0.3687004148960113,-0.0053350375965237
16,0,7,0.5715509653091431,0.3769568502902984,-0.0139443138614296
16,0,8,0.5626400709152222,0.3932209610939026,-0.0170846935361623
16,0,9,0.6174424886703491,0.4092581272125244,0.0024320119991898
16,0,10,0.5865917801856995,0.3863970339298248,-0.0110814999788999
16,0,11,0.5680221319198608,0.4059542417526245,-0.0132903158664703
16,0,12,0.567374587059021,0.4237993955612182,-0.0114197861403226
16,0,13,0.625164806842804,0.4199429452419281,-0.0067591732367873
16,0,14,0.5876885652542114,0.4075274467468261,-0.0188569296151399
16,0,15,0.5764262676239014,0.4284635484218597,-0.0146136106923222
16,0,16,0.5785494446754456,0.4457325339317322,-0.0086953854188323
16,0,17,0.6288878321647644,0.435306042432785,-0.0167029537260532
16,0,18,0.5963616967201233,0.4284977912902832,-0.0218175016343593
16,0,19,0.5853748917579651,0.4435877799987793,-0.0171449966728687
16,0,20,0.5851641893386841,0.456925481557846,-0.0116341402754187
16,0,21,0.5741744637489319,0.3192795515060425,-0.8971015810966492
16,0,22,0.5998567342758179,0.2843722701072693,-0.8453301191329956
16,0,23,0.5894253849983215,0.3586712479591369,-0.7537751197814941
16,0,24,0.6797749400138855,0.474337100982666,-0.2289751321077346
16,0,25,0.7553621530532837,0.7595245838165283,-0.5531343817710876
16,1,0,0.0,0.0,0.0
16,1,1,0.0,0.0,0.0
16,1,2,0.0,0.0,0.0
16,1,3,0.0,0.0,0.0
16,1,4,0.0,0.0,0.0
16,1,5,0.0,0.0,0.0
16,1,6,0.0,0.0,0.0
16,1,7,0.0,0.0,0.0
16,1,8,0.0,0.0,0.0
16,1,9,0.0,0.0,0.0
16,1,10,0.0,0.0,0.0
16,1,11,0.0,0.0,0.0
16,1,12,0.0,0.0,0.0
16,1,13,0.0,0.0,0.0
16,1,14,0.0,0.0,0.0
16,1,15,0.0,0.0,0.0
16,1,16,0.0,0.0,0.0
16,1,17,0.0,0.0,0.0
16,1,18,0.0,0.0,0.0
16,1,19,0.0,0.0,0.0
16,1,20,0.0,0.0,0.0
16,1,21,0.5741744637489319,0.3192795515060425,-0.8971015810966492
16,1,22,0.5382833480834961,0.2780020236968994,-0.8701778650283813
16,1,23,0.544390857219696,0.3519002199172973,-0.7892336845397949
16,1,24,0.3493250012397766,0.4747934937477112,-0.3236301243305206
16,1,25,0.3048612773418426,0.7715471982955933,-0.3259196281433105
18,0,0,0.6023550629615784,0.5163317918777466,-3.996579494014441e-07
18,0,1,0.5745308995246887,0.4795648157596588,0.0020657044369727
18,0,2,0.5715397000312805,0.4416256248950958,0.001736348029226
18,0,3,0.5729429721832275,0.4135103523731231,-0.0026324484497308
18,0,4,0.5751736164093018,0.3946647942066192,-0.0056962319649755
18,0,5,0.6047966480255127,0.4058118462562561,0.010136492550373
18,0,6,0.5930920839309692,0.3685605525970459,-0.0045267781242728
18,0,7,0.5714492201805115,0.3773277401924133,-0.0135912727564573
18,0,8,0.5630687475204468,0.3945377171039581,-0.0168990064412355
18,0,9,0.6153802275657654,0.4100690484046936,0.0030244628433138
18,0,10,0.5877426862716675,0.3833909928798675,-0.0098399454727768
18,0,11,0.5686482787132263,0.3998351097106933,-0.0127846244722604
18,0,12,0.5659219026565552,0.4171921014785766,-0.0115354023873806
18,0,13,0.6227312088012695,0.4208216965198517,-0.0063694636337459
18,0,14,0.5850310921669006,0.4093176126480102,-0.0174691118299961
18,0,15,0.5752113461494446,0.4290069341659546,-0.0142643162980675
18,0,16,0.5779128074645996,0.4460354745388031,-0.0092336349189281
18,0,17,0.6258902549743652,0.436090886592865,-0.0165298245847225
18,0,18,0.5923959612846375,0.4302411675453186,-0.0203990824520587
18,0,19,0.5836673974990845,0.4450929760932922,-0.0157750211656093
18,0,20,0.5852572917938232,0.4580311477184295,-0.0105524016544222
18,0,21,0.56868976354599,0.3165606260299682,-0.9165785312652588
18,0,22,0.5963202714920044,0.279582679271698,-0.8637627363204956
18,0,23,0.5854426622390747,0.3547524213790893,-0.7708468437194824
18,0,24,0.6831549406051636,0.4761177599430084,-0.2382154166698455
18,0,25,0.7559503316879272,0.7569032311439514,-0.5879722237586975
18,1,0,0.0,0.0,0.0
18,1,1,0.0,0.0,0.0
18,1,2,0.0,0.0,0.0
18,1,3,0.0,0.0,0.0
18,1,4,0.0,0.0,0.0
18,1,5,0.0,0.0,0.0
18,1,6,0.0,0.0,0.0
18,1,7,0.0,0.0,0.0
18,1,8,0.0,0.0,0.0
18,1,9,0.0,0.0,0.0
18,1,10,0.0,0.0,0.0
18,1,11,0.0,0.0,0.0
18,1,12,0.0,0.0,0.0
18,1,13,0.0,0.0,0.0
18,1,14,0.0,0.0,0.0
18,1,15,0.0,0.0,0.0
18,1,16,0.0,0.0,0.0
18,1,17,0.0,0.0,0.0
18,1,18,0.0,0.0,0.0
18,1,19,0.0,0.0,0.0
18,1,20,0.0,0.0,0.0
18,1,21,0.56868976354599,0.3165606260299682,-0.9165785312652588
18,1,22,0.5329321622848511,0.2774087786674499,-0.8869367241859436
18,1,23,0.5399841666221619,0.3502879738807678,-0.8039928674697876
18,1,24,0.3468678593635559,0.4786511659622192,-0.3293317556381225
18,1,25,0.3069964051246643,0.7728824019432068,-0.3247368037700653
20,0,0,0.6009033918380737,0.5148411989212036,-4.5373161583484034e-07
20,0,1,0.5731087923049927,0.4795416593551636,0.0012248014099895
20,0,2,0.5688688158988953,0.4414016008377075,-0.000556482526008
20,0,3,0.5683491826057434,0.414179116487503,-0.0063205920159816
20,0,4,0.5677852630615234,0.3957895934581756,-0.0105850994586944
20,0,5,0.6069703102111816,0.4029867649078369,0.0079612927511334
20,0,6,0.593645453453064,0.3656536936759949,-0.0091639189049601
20,0,7,0.5691261887550354,0.3759326934814453,-0.0194702353328466
20,0,8,0.55963134765625,0.3934632837772369,-0.0235273521393537
20,0,9,0.617736279964447,0.4070301949977875,0.0003919969021808
20,0,10,0.5860238075256348,0.3803761303424835,-0.0151508254930377
20,0,11,0.5649662017822266,0.3987129330635071,-0.0188245438039302
20,0,12,0.5636033415794373,0.4155237078666687,-0.0178710334002971
20,0,13,0.6243958473205566,0.4173462986946106,-0.0096022924408316
20,0,14,0.583160400390625,0.4073530435562134,-0.0228929240256547
20,0,15,0.5730766654014587,0.4296397864818573,-0.0195855423808097
20,0,16,0.5774420499801636,0.4460489153861999,-0.0143926404416561
20,0,17,0.626202404499054,0.4318919479846954,-0.0204251445829868
20,0,18,0.5905895829200745,0.4290155172348022,-0.0258698910474777
20,0,19,0.5816579461097717,0.445815235376358,-0.0215492881834507
20,0,20,0.5843899250030518,0.4580795168876648,-0.0164324659854173
20,0,21,0.5653977394104004,0.3201813697814941,-0.9322876930236816
20,0,22,0.5934382081031799,0.2825161814689636,-0.8851179480552673
20,0,23,0.5823594927787781,0.3582180738449096,-0.7933245301246643
20,0,24,0.6834431290626526,0.4726945757865906,-0.2958845198154449
20,0,25,0.7564988136291504,0.7566965818405151,-0.63371741771698
20,1,0,0.0,0.0,0.0
20,1,1,0.0,0.0,0.0
20,1,2,0.0,0.0,0.0
20,1,3,0.0,0.0,0.0
20,1,4,0.0,0.0,0.0
20,1,5,0.0,0.0,0.0
20,1,6,0.0,0.0,0.0
20,1,7,0.0,0.0,0.0
20,1,8,0.0,0.0,0.0
20,1,9,0.0,0.0,0.0
20,1,10,0.0,0.0,0.0
20,1,11,0.0,0.0,0.0
20,1,12,0.0,0.0,0.0
20,1,13,0.0,0.0,0.0
20,1,14,0.0,0.0,0.0
20,1,15,0.0,0.0,0.0
20,1,16,0.0,0.0,0.0
20,1,17,0.0,0.0,0.0
20,1,18,0.0,0.0,0.0
20,1,19,0.0,0.0,0.0
20,1,20,0.0,0.0,0.0
20,1,21,0.5653977394104004,0.3201813697814941,-0.9322876930236816
20,1,22,0.5288991332054138,0.278697669506073,-0.905575394630432
20,1,23,0.5349872708320618,0.3539069294929504,-0.8226032257080078
20,1,24,0.3461172580718994,0.4766726493835449,-0.3471765518188476
20,1,25,0.3072629868984222,0.7711202502250671,-0.3389951586723327
24,0,0,0.6055004596710205,0.5233920812606812,-4.39508255567489e-07
24,0,1,0.577390193939209,0.4859333038330078,0.0009725693962536
24,0,2,0.5727595686912537,0.4479936361312866,-0.0010223552817478
24,0,3,0.5711137652397156,0.4206824898719787,-0.0068614943884313
24,0,4,0.5703014135360718,0.4015145301818847,-0.0112353917211294
24,0,5,0.611438512802124,0.411328911781311,0.0072649079374969
24,0,6,0.5944046378135681,0.372052401304245,-0.0094038834795355
24,0,7,0.5702727437019348,0.381072074174881,-0.019404862076044
24,0,8,0.5616862177848816,0.3975184261798858,-0.0234110690653324
24,0,9,0.6220467686653137,0.4161009490489959,-8.024028647923842e-05
24,0,10,0.5877388715744019,0.3904564082622528,-0.01608657091856
24,0,11,0.5689491033554077,0.4109303951263428,-0.0195115152746438
24,0,12,0.5696921944618225,0.4281737804412842,-0.0183158349245786
24,0,13,0.6279593706130981,0.426777184009552,-0.0098113622516393
24,0,14,0.5860643982887268,0.4138632416725158,-0.023497512564063
24,0,15,0.5767061710357666,0.4356241524219513,-0.0194284860044717
24,0,16,0.5810697078704834,0.4520732164382934,-0.0135444849729537
24,0,17,0.6286994814872742,0.4416874349117279,-0.0203516818583011
24,0,18,0.5926597118377686,0.4350282251834869,-0.0261884406208992
24,0,19,0.5836883783340454,0.4517037868499756,-0.0213475208729505
24,0,20,0.5857905149459839,0.4647742509841919,-0.0157031808048486
24,0,21,0.5692726969718933,0.3244912028312683,-0.9916563034057616
24,0,22,0.5952422022819519,0.2872505784034729,-0.9424497485160828
24,0,23,0.5851294994354248,0.3610217571258545,-0.8429015278816223
24,0,24,0.682988703250885,0.4736987352371216,-0.3036888539791107
24,0,25,0.758821964263916,0.7592535614967346,-0.6533984541893005
24,1,0,0.0,0.0,0.0
24,1,1,0.0,0.0,0.0
24,1,2,0.0,0.0,0.0
24,1,3,0.0,0.0,0.0
24,1,4,0.0,0.0,0.0
24,1,5,0.0,0.0,0.0
24,1,6,0.0,0.0,0.0
24,1,7,0.0,0.0,0.0
24,1,8,0.0,0.0,0.0
24,1,9,0.0,0.0,0.0
24,1,10,0.0,0.0,0.0
24,1,11,0.0,0.0,0.0
24,1,12,0.0,0.0,0.0
24,1,13,0.0,0.0,0.0
24,1,14,0.0,0.0,0.0
24,1,15,0.0,0.0,0.0
24,1,16,0.0,0.0,0.0
24,1,17,0.0,0.0,0.0
24,1,18,0.0,0.0,0.0
24,1,19,0.0,0.0,0.0
24,1,20,0.0,0.0,0.0
24,1,21,0.5692726969718933,0.3244912028312683,-0.9916563034057616
24,1,22,0.5320857763290405,0.282707929611206,-0.9658947587013244
24,1,23,0.5397621393203735,0.3581967353820801,-0.8761057257652283
24,1,24,0.3475878238677978,0.4760562181472778,-0.3798611164093017
24,1,25,0.3046855330467224,0.7702478170394897,-0.3570523262023926
27,0,0,0.0,0.0,0.0
27,0,1,0.0,0.0,0.0
27,0,2,0.0,0.0,0.0
27,0,3,0.0,0.0,0.0
27,0,4,0.0,0.0,0.0
27,0,5,0.0,0.0,0.0
27,0,6,0.0,0.0,0.0
27,0,7,0.0,0.0,0.0
27,0,8,0.0,0.0,0.0
27,0,9,0.0,0.0,0.0
27,0,10,0.0,0.0,0.0
27,0,11,0.0,0.0,0.0
27,0,12,0.0,0.0,0.0
27,0,13,0.0,0.0,0.0
27,0,14,0.0,0.0,0.0
27,0,15,0.0,0.0,0.0
27,0,16,0.0,0.0,0.0
27,0,17,0.0,0.0,0.0
27,0,18,0.0,0.0,0.0
27,0,19,0.0,0.0,0.0
27,0,20,0.0,0.0,0.0
27,0,21,0.563947319984436,0.329353392124176,-1.045196294784546
27,0,22,0.5916496515274048,0.291381299495697,-1.008855223655701
27,0,23,0.5804479718208313,0.3670602440834045,-0.903450846672058
27,0,24,0.6912142038345337,0.4773742258548736,-0.4034392535686493
27,0,25,0.7609033584594727,0.772086501121521,-0.7307231426239014
27,1,0,0.0,0.0,0.0
27,1,1,0.0,0.0,0.0
27,1,2,0.0,0.0,0.0
27,1,3,0.0,0.0,0.0
27,1,4,0.0,0.0,0.0
27,1,5,0.0,0.0,0.0
27,1,6,0.0,0.0,0.0
27,1,7,0.0,0.0,0.0
27,1,8,0.0,0.0,0.0
27,1,9,0.0,0.0,0.0
27,1,10,0.0,0.0,0.0
27,1,11,0.0,0.0,0.0
27,1,12,0.0,0.0,0.0
27,1,13,0.0,0.0,0.0
27,1,14,0.0,0.0,0.0
27,1,15,0.0,0.0,0.0
27,1,16,0.0,0.0,0.0
27,1,17,0.0,0.0,0.0
27,1,18,0.0,0.0,0.0
27,1,19,0.0,0.0,0.0
27,1,20,0.0,0.0,0.0
27,1,21,0.563947319984436,0.329353392124176,-1.045196294784546
27,1,22,0.5257364511489868,0.2839947342872619,-1.020604133605957
27,1,23,0.5336494445800781,0.3640479445457458,-0.9218477606773376
27,1,24,0.3399310111999511,0.4809395968914032,-0.39160817861557
27,1,25,0.3028362393379211,0.7885648012161255,-0.3926481008529663
28,0,0,0.0,0.0,0.0
28,0,1,0.0,0.0,0.0
28,0,2,0.0,0.0,0.0
28,0,3,0.0,0.0,0.0
28,0,4,0.0,0.0,0.0
28,0,5,0.0,0.0,0.0
28,0,6,0.0,0.0,0.0
28,0,7,0.0,0.0,0.0
28,0,8,0.0,0.0,0.0
28,0,9,0.0,0.0,0.0
28,0,10,0.0,0.0,0.0
28,0,11,0.0,0.0,0.0
28,0,12,0.0,0.0,0.0
28,0,13,0.0,0.0,0.0
28,0,14,0.0,0.0,0.0
28,0,15,0.0,0.0,0.0
28,0,16,0.0,0.0,0.0
28,0,17,0.0,0.0,0.0
28,0,18,0.0,0.0,0.0
28,0,19,0.0,0.0,0.0
28,0,20,0.0,0.0,0.0
28,0,21,0.56320720911026,0.3257859349250793,-1.0682077407836914
28,0,22,0.5917615294456482,0.286385178565979,-1.0286586284637451
28,0,23,0.5805015563964844,0.3647364974021911,-0.9251367449760436
28,0,24,0.6967607140541077,0.4811462163925171,-0.39686980843544
28,0,25,0.7663472294807434,0.7779520750045776,-0.7485216856002808
28,1,0,0.0,0.0,0.0
28,1,1,0.0,0.0,0.0
28,1,2,0.0,0.0,0.0
28,1,3,0.0,0.0,0.0
28,1,4,0.0,0.0,0.0
28,1,5,0.0,0.0,0.0
28,1,6,0.0,0.0,0.0
28,1,7,0.0,0.0,0.0
28,1,8,0.0,0.0,0.0
28,1,9,0.0,0.0,0.0
28,1,10,0.0,0.0,0.0
28,1,11,0.0,0.0,0.0
28,1,12,0.0,0.0,0.0
28,1,13,0.0,0.0,0.0
28,1,14,0.0,0.0,0.0
28,1,15,0.0,0.0,0.0
28,1,16,0.0,0.0,0.0
28,1,17,0.0,0.0,0.0
28,1,18,0.0,0.0,0.0
28,1,19,0.0,0.0,0.0
28,1,20,0.0,0.0,0.0
28,1,21,0.56320720911026,0.3257859349250793,-1.0682077407836914
28,1,22,0.5254181623458862,0.28192800283432,-1.03815495967865
28,1,23,0.533041775226593,0.3619951009750366,-0.9404451847076416
28,1,24,0.3452750444412231,0.482347697019577,-0.4054850041866302
28,1,25,0.3064013421535492,0.7802855372428894,-0.4104909896850586
35,0,0,0.0,0.0,0.0
35,0,1,0.0,0.0,0.0
35,0,2,0.0,0.0,0.0
35,0,3,0.0,0.0,0.0
35,0,4,0.0,0.0,0.0
35,0,5,0.0,0.0,0.0
35,0,6,0.0,0.0,0.0
35,0,7,0.0,0.0,0.0
35,0,8,0.0,0.0,0.0
35,0,9,0.0,0.0,0.0
35,0,10,0.0,0.0,0.0
35,0,11,0.0,0.0,0.0
35,0,12,0.0,0.0,0.0
35,0,13,0.0,0.0,0.0
35,0,14,0.0,0.0,0.0
35,0,15,0.0,0.0,0.0
35,0,16,0.0,0.0,0.0
35,0,17,0.0,0.0,0.0
35,0,18,0.0,0.0,0.0
35,0,19,0.0,0.0,0.0
35,0,20,0.0,0.0,0.0
35,0,21,0.5411360263824463,0.3306993842124939,-0.7693684697151184
35,0,22,0.56778883934021,0.2929000854492187,-0.7206050753593445
35,0,23,0.5574094653129578,0.3659742474555969,-0.6293668746948242
35,0,24,0.6778674125671387,0.4852586686611175,-0.1098085194826126
35,0,25,0.718077540397644,0.7413436770439148,-0.2976346015930176
35,1,0,0.0,0.0,0.0
35,1,1,0.0,0.0,0.0
35,1,2,0.0,0.0,0.0
35,1,3,0.0,0.0,0.0
35,1,4,0.0,0.0,0.0
35,1,5,0.0,0.0,0.0
35,1,6,0.0,0.0,0.0
35,1,7,0.0,0.0,0.0
35,1,8,0.0,0.0,0.0
35,1,9,0.0,0.0,0.0
35,1,10,0.0,0.0,0.0
35,1,11,0.0,0.0,0.0
35,1,12,0.0,0.0,0.0
35,1,13,0.0,0.0,0.0
35,1,14,0.0,0.0,0.0
35,1,15,0.0,0.0,0.0
35,1,16,0.0,0.0,0.0
35,1,17,0.0,0.0,0.0
35,1,18,0.0,0.0,0.0
35,1,19,0.0,0.0,0.0
35,1,20,0.0,0.0,0.0
35,1,21,0.5411360263824463,0.3306993842124939,-0.7693684697151184
35,1,22,0.5002573132514954,0.2919074892997741,-0.7332066297531128
35,1,23,0.5088170766830444,0.3691830039024353,-0.6438591480255127
35,1,24,0.3409400582313537,0.4901371002197265,-0.2653288245201111
35,1,25,0.3350738286972046,0.7562606334686279,-0.4843172132968902
39,0,0,0.474324107170105,0.7898062467575073,-2.596401884602529e-07
39,0,1,0.4962727427482605,0.7581906318664551,-0.0360257849097251
39,0,2,0.5181445479393005,0.7447192668914795,-0.0635474547743797
39,0,3,0.5390357375144958,0.7553147077560425,-0.0835738554596901
39,0,4,0.5593181252479553,0.7732545733451843,-0.1011998429894447
39,0,5,0.5228954553604126,0.809922456741333,-0.0758333653211593
39,0,6,0.5511863231658936,0.8243443965911865,-0.1022034063935279
39,0,7,0.567060649394989,0.8193784952163696,-0.1148470938205719
39,0,8,0.5782528519630432,0.8107354044914246,-0.1215287894010543
39,0,9,0.5184555053710938,0.8404107689857483,-0.0671468451619148
39,0,10,0.54604572057724,0.8469576239585876,-0.090089738368988
39,0,11,0.5562348961830139,0.8362235426902771,-0.093026727437973
39,0,12,0.5619885325431824,0.8259987831115723,-0.094805970788002
39,0,13,0.5157827734947205,0.8598803281784058,-0.0589169301092624
39,0,14,0.538245439529419,0.867202639579773,-0.0773897469043731
39,0,15,0.5488436222076416,0.8568484783172607,-0.072875291109085
39,0,16,0.5576961636543274,0.8454581499099731,-0.0694038942456245
39,0,17,0.5156298875808716,0.8687919974327087,-0.0531829707324504
39,0,18,0.5306953191757202,0.872920572757721,-0.0682867690920829
39,0,19,0.5391299724578857,0.865610659122467,-0.0672062188386917
39,0,20,0.5469468235969543,0.8564215898513794,-0.0647535845637321
39,0,21,0.5445180535316467,0.336791455745697,-0.7055593729019165
39,0,22,0.5714647173881531,0.2990767955780029,-0.6714959144592285
39,0,23,0.562019407749176,0.3731266856193542,-0.5929509401321411
39,0,24,0.680083692073822,0.489436388015747,-0.1689218282699585
39,0,25,0.7227246165275574,0.7715926170349121,-0.2112102657556533
39,1,0,0.0,0.0,0.0
39,1,1,0.0,0.0,0.0
39,1,2,0.0,0.0,0.0
39,1,3,0.0,0.0,0.0
39,1,4,0.0,0.0,0.0
39,1,5,0.0,0.0,0.0
39,1,6,0.0,0.0,0.0
39,1,7,0.0,0.0,0.0
39,1,8,0.0,0.0,0.0
39,1,9,0.0,0.0,0.0
39,1,10,0.0,0.0,0.0
39,1,11,0.0,0.0,0.0
39,1,12,0.0,0.0,0.0
39,1,13,0.0,0.0,0.0
39,1,14,0.0,0.0,0.0
39,1,15,0.0,0.0,0.0
39,1,16,0.0,0.0,0.0
39,1,17,0.0,0.0,0.0
39,1,18,0.0,0.0,0.0
39,1,19,0.0,0.0,0.0
39,1,20,0.0,0.0,0.0
39,1,21,0.5445180535316467,0.336791455745697,-0.7055593729019165
39,1,22,0.5036277174949646,0.2980228066444397,-0.6785109639167786
39,1,23,0.5124616622924805,0.3743316531181335,-0.5988174080848694
39,1,24,0.3451777696609497,0.4764578938484192,-0.2690067291259765
39,1,25,0.2729883790016174,0.760320782661438,-0.4391537308692932
43,0,0,0.5185821056365967,0.841057300567627,-5.6816901405909455e-08
43,0,1,0.5569313764572144,0.8265964984893799,-0.0239705797284841
43,0,2,0.5902261137962341,0.8483908772468567,-0.0343210771679878
43,0,3,0.614413321018219,0.8827193975448608,-0.0393828637897968
43,0,4,0.6373024582862854,0.9063934087753296,-0.0421416908502578
43,0,5,0.5703731179237366,0.8953201770782471,-0.0372217968106269
43,0,6,0.6060625910758972,0.94406920671463,-0.0530964657664299
43,0,7,0.6363836526870728,0.958135724067688,-0.0603761337697505
43,0,8,0.6585091948509216,0.9626214504241944,-0.062428031116724
43,0,9,0.5553439855575562,0.912697434425354,-0.0288988705724477
43,0,10,0.5938444137573242,0.9585591554641724,-0.0417436584830284
43,0,11,0.6268284320831299,0.969003677368164,-0.0435833595693111
43,0,12,0.6484099626541138,0.968591034412384,-0.0427781045436859
43,0,13,0.5490822196006775,0.9214293360710144,-0.0219648592174053
43,0,14,0.5864291191101074,0.96106618642807,-0.0329150334000587
43,0,15,0.6166360974311829,0.9688825607299804,-0.033704973757267
43,0,16,0.6387729644775391,0.968239724636078,-0.0318856351077556
43,0,17,0.5501596927642822,0.9243078231811525,-0.0166339129209518
43,0,18,0.5799891352653503,0.955069899559021,-0.0256478246301412
43,0,19,0.6052262187004089,0.9666854739189148,-0.0278844013810157
43,0,20,0.6263205409049988,0.9700742959976196,-0.0272003374993801
43,0,21,0.5423157215118408,0.3460607528686523,-1.0498530864715576
43,0,22,0.5677646398544312,0.3017484545707702,-1.0164510011672974
43,0,23,0.5602290630340576,0.3782349824905395,-0.9317033290863036
43,0,24,0.6838369369506836,0.4833979606628418,-0.4701953828334808
43,0,25,0.7154191732406616,0.7373643517494202,-0.4008077383041382
43,1,0,0.0,0.0,0.0
43,1,1,0.0,0.0,0.0
43,1,2,0.0,0.0,0.0
43,1,3,0.0,0.0,0.0
43,1,4,0.0,0.0,0.0
43,1,5,0.0,0.0,0.0
43,1,6,0.0,0.0,0.0
43,1,7,0.0,0.0,0.0
43,1,8,0.0,0.0,0.0
43,1,9,0.0,0.0,0.0
43,1,10,0.0,0.0,0.0
43,1,11,0.0,0.0,0.0
43,1,12,0.0,0.0,0.0
43,1,13,0.0,0.0,0.0
43,1,14,0.0,0.0,0.0
43,1,15,0.0,0.0,0.0
43,1,16,0.0,0.0,0.0
43,1,17,0.0,0.0,0.0
43,1,18,0.0,0.0,0.0
43,1,19,0.0,0.0,0.0
43,1,20,0.0,0.0,0.0
43,1,21,0.5423157215118408,0.3460607528686523,-1.0498530864715576
43,1,22,0.4986084997653961,0.3066751956939697,-1.0248210430145264
43,1,23,0.5140199065208435,0.3821472525596618,-0.9397482872009276
43,1,24,0.3395563960075378,0.4802796244621277,-0.6114386916160583
43,1,25,0.2927469313144684,0.768551766872406,-0.6319592595100403
44,0,0,0.5354565978050232,0.8553228378295898,2.1307009490101336e-08
44,0,1,0.5736550092697144,0.8329308032989502,-0.0310119800269603
44,0,2,0.6109878420829773,0.8444021344184875,-0.046061672270298
44,0,3,0.6366338133811951,0.874437153339386,-0.0536092557013034
44,0,4,0.6523656845092773,0.8961359262466431,-0.058055467903614
44,0,5,0.5864490866661072,0.8994374871253967,-0.0521924346685409
44,0,6,0.6275384426116943,0.9503563642501832,-0.0671582296490669
44,0,7,0.6595304012298584,0.9608986973762512,-0.0715266689658165
44,0,8,0.6819462776184082,0.9637604355812072,-0.071828469634056
44,0,9,0.5739350914955139,0.92141854763031,-0.0392168164253234
44,0,10,0.6203272938728333,0.9666535258293152,-0.0517577603459358
44,0,11,0.6544407606124878,0.9638060331344604,-0.0497803688049316
44,0,12,0.6715649962425232,0.95427268743515,-0.0461049452424049
44,0,13,0.5713487267494202,0.9323915243148804,-0.0270287375897169
44,0,14,0.6157807111740112,0.9693803787231444,-0.0367817617952823
44,0,15,0.6441848278045654,0.9644280076026917,-0.0337257608771324
44,0,16,0.6586645841598511,0.9549808502197266,-0.0291690453886985
44,0,17,0.574934720993042,0.9363665580749512,-0.0168916154652833
44,0,18,0.6095207929611206,0.9642931222915648,-0.0242461096495389
44,0,19,0.6353376507759094,0.9661157727241516,-0.0240008737891912
44,0,20,0.6516101360321045,0.960673987865448,-0.021408587694168
44,0,21,0.538979172706604,0.3461601734161377,-1.066275954246521
44,0,22,0.5642953515052795,0.3030993938446045,-1.03521990776062
44,0,23,0.5585705041885376,0.3771570324897766,-0.9544370770454408
44,0,24,0.6815927624702454,0.4774029850959778,-0.5097175240516663
44,0,25,0.7190617322921753,0.7313117980957031,-0.4553364813327789
44,1,0,0.0,0.0,0.0
44,1,1,0.0,0.0,0.0
44,1,2,0.0,0.0,0.0
44,1,3,0.0,0.0,0.0
44,1,4,0.0,0.0,0.0
44,1,5,0.0,0.0,0.0
44,1,6,0.0,0.0,0.0
44,1,7,0.0,0.0,0.0
44,1,8,0.0,0.0,0.0
44,1,9,0.0,0.0,0.0
44,1,10,0.0,0.0,0.0
44,1,11,0.0,0.0,0.0
44,1,12,0.0,0.0,0.0
44,1,13,0.0,0.0,0.0
44,1,14,0.0,0.0,0.0
44,1,15,0.0,0.0,0.0
44,1,16,0.0,0.0,0.0
44,1,17,0.0,0.0,0.0
44,1,18,0.0,0.0,0.0
44,1,19,0.0,0.0,0.0
44,1,20,0.0,0.0,0.0
44,1,21,0.538979172706604,0.3461601734161377,-1.066275954246521
44,1,22,0.4951737225055694,0.3082849383354187,-1.0414152145385742
44,1,23,0.5117673873901367,0.3827820420265198,-0.9595640301704408
44,1,24,0.3433185815811157,0.4817536473274231,-0.6425066590309143
44,1,25,0.3069969415664673,0.7721088528633118,-0.6689236164093018
46,0,0,0.581875205039978,0.8158880472183228,1.2147104655468868e-07
46,0,1,0.6191724538803101,0.7901176810264587,-0.0313198789954185
46,0,2,0.6631772518157959,0.7952825427055359,-0.0511599443852901
46,0,3,0.6942306160926819,0.8246491551399231,-0.0628967210650444
46,0,4,0.7114123702049255,0.8539941310882568,-0.0720928832888603
46,0,5,0.644488513469696,0.8467035889625549,-0.0639956966042518
46,0,6,0.6884286999702454,0.898597002029419,-0.0828700140118599
46,0,7,0.7207507491111755,0.9130147695541382,-0.0889555513858795
46,0,8,0.742644190788269,0.9188013076782228,-0.0902158170938491
46,0,9,0.6273839473724365,0.8727683424949646,-0.0530244149267673
46,0,10,0.6758509278297424,0.9226797819137572,-0.0676765441894531
46,0,11,0.7053068280220032,0.9224329590797424,-0.0642616674304008
46,0,12,0.718037486076355,0.9153660535812378,-0.0597159229218959
46,0,13,0.6182584166526794,0.8879481554031372,-0.0422987379133701
46,0,14,0.6655762791633606,0.934044361114502,-0.0531351007521152
46,0,15,0.6909514665603638,0.9309592247009276,-0.0454968139529228
46,0,16,0.7012472748756409,0.9216987490653992,-0.0379604734480381
46,0,17,0.6160466074943542,0.8952977061271667,-0.0335962884128093
46,0,18,0.6555044054985046,0.9304324388504028,-0.0419861972332
46,0,19,0.6784587502479553,0.9335307478904724,-0.0385656878352165
46,0,20,0.6904275417327881,0.9277011156082152,-0.0335851311683654
46,0,21,0.5363832712173462,0.3541711568832397,-0.881467342376709
46,0,22,0.5625457763671875,0.3112386465072632,-0.8448643684387207
46,0,23,0.5543127059936523,0.3833310008049011,-0.7613949775695801
46,0,24,0.6793441772460938,0.4649742543697357,-0.3096097707748413
46,0,25,0.7196232080459595,0.6908735036849976,-0.2904815971851349
46,1,0,0.0,0.0,0.0
46,1,1,0.0,0.0,0.0
46,1,2,0.0,0.0,0.0
46,1,3,0.0,0.0,0.0
46,1,4,0.0,0.0,0.0
46,1,5,0.0,0.0,0.0
46,1,6,0.0,0.0,0.0
46,1,7,0.0,0.0,0.0
46,1,8,0.0,0.0,0.0
46,1,9,0.0,0.0,0.0
46,1,10,0.0,0.0,0.0
46,1,11,0.0,0.0,0.0
46,1,12,0.0,0.0,0.0
46,1,13,0.0,0.0,0.0
46,1,14,0.0,0.0,0.0
46,1,15,0.0,0.0,0.0
46,1,16,0.0,0.0,0.0
46,1,17,0.0,0.0,0.0
46,1,18,0.0,0.0,0.0
46,1,19,0.0,0.0,0.0
46,1,20,0.0,0.0,0.0
46,1,21,0.5363832712173462,0.3541711568832397,-0.881467342376709
46,1,22,0.4947946667671203,0.3119295239448547,-0.8533262610435486
46,1,23,0.5062823295593262,0.3886711001396179,-0.7692394852638245
46,1,24,0.3484207391738891,0.4835670292377472,-0.4314815104007721
46,1,25,0.351084291934967,0.7719971537590027,-0.4650758802890777
52,0,0,0.0,0.0,0.0
52,0,1,0.0,0.0,0.0
52,0,2,0.0,0.0,0.0
52,0,3,0.0,0.0,0.0
52,0,4,0.0,0.0,0.0
52,0,5,0.0,0.0,0.0
52,0,6,0.0,0.0,0.0
52,0,7,0.0,0.0,0.0
52,0,8,0.0,0.0,0.0
52,0,9,0.0,0.0,0.0
52,0,10,0.0,0.0,0.0
52,0,11,0.0,0.0,0.0
52,0,12,0.0,0.0,0.0
52,0,13,0.0,0.0,0.0
52,0,14,0.0,0.0,0.0
52,0,15,0.0,0.0,0.0
52,0,16,0.0,0.0,0.0
52,0,17,0.0,0.0,0.0
52,0,18,0.0,0.0,0.0
52,0,19,0.0,0.0,0.0
52,0,20,0.0,0.0,0.0
52,0,21,0.542813241481781,0.370226502418518,-0.9545889496803284
52,0,22,0.5732724666595459,0.3273051977157593,-0.922396719455719
52,0,23,0.5594453811645508,0.3996214866638183,-0.8060727119445801
52,0,24,0.6747292280197144,0.4791918396949768,-0.2482315599918365
52,0,25,0.719813346862793,0.7384485006332397,-0.3265064656734466
52,1,0,0.0,0.0,0.0
52,1,1,0.0,0.0,0.0
52,1,2,0.0,0.0,0.0
52,1,3,0.0,0.0,0.0
52,1,4,0.0,0.0,0.0
52,1,5,0.0,0.0,0.0
52,1,6,0.0,0.0,0.0
52,1,7,0.0,0.0,0.0
52,1,8,0.0,0.0,0.0
52,1,9,0.0,0.0,0.0
52,1,10,0.0,0.0,0.0
52,1,11,0.0,0.0,0.0
52,1,12,0.0,0.0,0.0
52,1,13,0.0,0.0,0.0
52,1,14,0.0,0.0,0.0
52,1,15,0.0,0.0,0.0
52,1,16,0.0,0.0,0.0
52,1,17,0.0,0.0,0.0
52,1,18,0.0,0.0,0.0
52,1,19,0.0,0.0,0.0
52,1,20,0.0,0.0,0.0
52,1,21,0.542813241481781,0.370226502418518,-0.9545889496803284
52,1,22,0.5067955255508423,0.3226591348648071,-0.9398426413536072
52,1,23,0.5119938850402832,0.3985404968261719,-0.8267235159873962
52,1,24,0.3487688899040222,0.4717000722885132,-0.4282208085060119
52,1,25,0.3157656192779541,0.7402149438858032,-0.5955866575241089
54,0,0,0.4602124691009521,0.7864263653755188,-6.150490889922366e-07
54,0,1,0.5101253986358643,0.8061557412147522,0.0003617696056608
54,0,2,0.5407000184059143,0.8397971391677856,-0.0062192762270569
54,0,3,0.5556383728981018,0.8669760823249817,-0.0173202864825725
54,0,4,0.5579690933227539,0.8875148296356201,-0.0286299660801887
54,0,5,0.5390645265579224,0.896542489528656,0.0009642515797168
54,0,6,0.5797409415245056,0.9046297073364258,-0.0214756708592176
54,0,7,0.5967106223106384,0.8814601302146912,-0.0402332693338394
54,0,8,0.6030265092849731,0.8587751388549805,-0.0503876619040966
54,0,9,0.5269157290458679,0.9033440947532654,-0.0090819988399744
54,0,10,0.5697238445281982,0.8874392509460449,-0.0305533595383167
54,0,11,0.5742848515510559,0.8524165153503418,-0.043139174580574
54,0,12,0.5672770142555237,0.82571941614151,-0.0485108904540538
54,0,13,0.5111642479896545,0.9035229682922364,-0.0207686387002468
54,0,14,0.55579674243927,0.8861479163169861,-0.0389772057533264
54,0,15,0.5575634241104126,0.8519824147224426,-0.038571361452341
54,0,16,0.5480697751045227,0.825359046459198,-0.0341491103172302
54,0,17,0.4943249523639679,0.8996118903160095,-0.0329663567245006
54,0,18,0.5340157747268677,0.8963319063186646,-0.0416978001594543
54,0,19,0.5393486022949219,0.8727275133132935,-0.0351448357105255
54,0,20,0.5340373516082764,0.852808952331543,-0.0272971950471401
54,0,21,0.5411720871925354,0.3718746304512024,-0.9189282655715942
54,0,22,0.5745874643325806,0.3265249729156494,-0.8876113891601562
54,0,23,0.5570127964019775,0.4045855402946472,-0.8030375838279724
54,0,24,0.6763008832931519,0.4800344109535217,-0.3980502486228943
54,0,25,0.7024664282798767,0.7465777397155762,-0.4297771155834198
54,1,0,0.0,0.0,0.0
54,1,1,0.0,0.0,0.0
54,1,2,0.0,0.0,0.0
54,1,3,0.0,0.0,0.0
54,1,4,0.0,0.0,0.0
54,1,5,0.0,0.0,0.0
54,1,6,0.0,0.0,0.0
54,1,7,0.0,0.0,0.0
54,1,8,0.0,0.0,0.0
54,1,9,0.0,0.0,0.0
54,1,10,0.0,0.0,0.0
54,1,11,0.0,0.0,0.0
54,1,12,0.0,0.0,0.0
54,1,13,0.0,0.0,0.0
54,1,14,0.0,0.0,0.0
54,1,15,0.0,0.0,0.0
54,1,16,0.0,0.0,0.0
54,1,17,0.0,0.0,0.0
54,1,18,0.0,0.0,0.0
54,1,19,0.0,0.0,0.0
54,1,20,0.0,0.0,0.0
54,1,21,0.5411720871925354,0.3718746304512024,-0.9189282655715942
54,1,22,0.5048888921737671,0.3233819603919983,-0.8899444937705994
54,1,23,0.5072904825210571,0.403726726770401,-0.8040928840637207
54,1,24,0.3403744101524353,0.4629131555557251,-0.4384298920631408
54,1,25,0.2683428823947906,0.7423127293586731,-0.5643882155418396
56,0,0,0.5518301725387573,0.8080157041549683,-1.9452605215519725e-07
56,0,1,0.5096214413642883,0.8395251035690308,-0.0165814943611621
56,0,2,0.4832730591297149,0.8846309781074524,-0.0342329628765583
56,0,3,0.486739307641983,0.9312593340873718,-0.0493908338248729
56,0,4,0.4946736693382263,0.9658109545707704,-0.0644762068986892
56,0,5,0.4648837149143219,0.828667938709259,-0.0464235283434391
56,0,6,0.4552039206027984,0.8826853632926941,-0.0759247913956642
56,0,7,0.4647310674190521,0.9250009655952454,-0.0963329300284385
56,0,8,0.4787429869174957,0.9575847387313844,-0.1092796400189399
56,0,9,0.4924755692481994,0.8286623358726501,-0.0509360209107399
56,0,10,0.4901468157768249,0.8792757391929626,-0.0790160521864891
56,0,11,0.4923036992549896,0.9185799360275269,-0.0943398475646972
56,0,12,0.4950844943523407,0.947206974029541,-0.10603828728199
56,0,13,0.5221258401870728,0.8329641819000244,-0.0559338182210922
56,0,14,0.5226263999938965,0.887747585773468,-0.0808342918753624
56,0,15,0.5190997123718262,0.9196128249168396,-0.0860223472118377
56,0,16,0.5144152045249939,0.9413642287254332,-0.0885379537940025
56,0,17,0.551744818687439,0.8409625291824341,-0.0615505762398242
56,0,18,0.5487301349639893,0.8863447904586792,-0.0825154483318328
56,0,19,0.5396647453308105,0.9137417078018188,-0.0872819274663925
56,0,20,0.5296996831893921,0.9321966171264648,-0.0899655744433403
56,0,21,0.5383856296539307,0.3770689070224762,-0.7022793292999268
56,0,22,0.5721148252487183,0.3322345018386841,-0.6830559372901917
56,0,23,0.5530186295509338,0.4086549282073974,-0.6042305827140808
56,0,24,0.674557626247406,0.4811388850212097,-0.282939463853836
56,0,25,0.7032794952392578,0.7530553340911865,-0.2724331617355346
56,1,0,0.0,0.0,0.0
56,1,1,0.0,0.0,0.0
56,1,2,0.0,0.0,0.0
56,1,3,0.0,0.0,0.0
56,1,4,0.0,0.0,0.0
56,1,5,0.0,0.0,0.0
56,1,6,0.0,0.0,0.0
56,1,7,0.0,0.0,0.0
56,1,8,0.0,0.0,0.0
56,1,9,0.0,0.0,0.0
56,1,10,0.0,0.0,0.0
56,1,11,0.0,0.0,0.0
56,1,12,0.0,0.0,0.0
56,1,13,0.0,0.0,0.0
56,1,14,0.0,0.0,0.0
56,1,15,0.0,0.0,0.0
56,1,16,0.0,0.0,0.0
56,1,17,0.0,0.0,0.0
56,1,18,0.0,0.0,0.0
56,1,19,0.0,0.0,0.0
56,1,20,0.0,0.0,0.0
56,1,21,0.5383856296539307,0.3770689070224762,-0.7022793292999268
56,1,22,0.5025430917739868,0.3267682194709778,-0.6815293431282043
56,1,23,0.5050258636474609,0.4060058891773224,-0.5993086695671082
56,1,24,0.3368062973022461,0.4609943926334381,-0.3033376336097717
56,1,25,0.2630995512008667,0.7337402105331421,-0.3600475192070007
58,0,0,0.5521742701530457,0.8234587907791138,5.376454836891754e-08
58,0,1,0.5157477855682373,0.8263000249862671,-0.0216678585857152
58,0,2,0.4994899034500122,0.8636260032653809,-0.0294443462044
58,0,3,0.4967410564422607,0.9027374982833862,-0.0315269529819488
58,0,4,0.4928803145885467,0.9300915598869324,-0.0321822836995124
58,0,5,0.5054526925086975,0.8694456219673157,-0.0329111590981483
58,0,6,0.4993357956409454,0.9184954166412354,-0.046878632158041
58,0,7,0.4990130960941314,0.9515537023544312,-0.0545077919960022
58,0,8,0.500905454158783,0.9747204184532166,-0.0583527982234954
58,0,9,0.5225366950035095,0.8813657164573669,-0.0252093132585287
58,0,10,0.513496994972229,0.9254947900772096,-0.0360617563128471
58,0,11,0.5085503458976746,0.9536094665527344,-0.040678609162569
58,0,12,0.5069286227226257,0.9701547622680664,-0.0431400351226329
58,0,13,0.5370153188705444,0.8893412947654724,-0.0183994118124246
58,0,14,0.5279161930084229,0.9299814701080322,-0.0278939008712768
58,0,15,0.5204088091850281,0.948866367340088,-0.0294214449822902
58,0,16,0.5152587890625,0.9586338996887208,-0.028842644765973
58,0,17,0.5482276082038879,0.8929692506790161,-0.0130478255450725
58,0,18,0.5410998463630676,0.9240903854370116,-0.020956652238965
58,0,19,0.5325653553009033,0.9374834299087524,-0.0216762199997901
58,0,20,0.5259943604469299,0.9427648186683656,-0.0206020232290029
58,0,21,0.5352017879486084,0.3780994415283203,-0.8277815580368042
58,0,22,0.5676913261413574,0.3318017721176147,-0.8107556104660034
58,0,23,0.5501428842544556,0.4086589515209198,-0.7298621535301208
58,0,24,0.6734424829483032,0.4718196988105774,-0.3985523879528045
58,0,25,0.7048594951629639,0.7509992122650146,-0.3841991424560547
58,1,0,0.0,0.0,0.0
58,1,1,0.0,0.0,0.0
58,1,2,0.0,0.0,0.0
58,1,3,0.0,0.0,0.0
58,1,4,0.0,0.0,0.0
58,1,5,0.0,0.0,0.0
58,1,6,0.0,0.0,0.0
58,1,7,0.0,0.0,0.0
58,1,8,0.0,0.0,0.0
58,1,9,0.0,0.0,0.0
58,1,10,0.0,0.0,0.0
58,1,11,0.0,0.0,0.0
58,1,12,0.0,0.0,0.0
58,1,13,0.0,0.0,0.0
58,1,14,0.0,0.0,0.0
58,1,15,0.0,0.0,0.0
58,1,16,0.0,0.0,0.0
58,1,17,0.0,0.0,0.0
58,1,18,0.0,0.0,0.0
58,1,19,0.0,0.0,0.0
58,1,20,0.0,0.0,0.0
58,1,21,0.5352017879486084,0.3780994415283203,-0.8277815580368042
58,1,22,0.4981108605861664,0.3284512162208557,-0.8093780875205994
58,1,23,0.5037956237792969,0.4064825773239136,-0.7245475649833679
58,1,24,0.3385398983955383,0.4590445458889007,-0.4328225553035736
58,1,25,0.2644046247005462,0.7240772843360901,-0.49036505818367
62,0,0,0.0,0.0,0.0
62,0,1,0.0,0.0,0.0
62,0,2,0.0,0.0,0.0
62,0,3,0.0,0.0,0.0
62,0,4,0.0,0.0,0.0
62,0,5,0.0,0.0,0.0
62,0,6,0.0,0.0,0.0
62,0,7,0.0,0.0,0.0
62,0,8,0.0,0.0,0.0
62,0,9,0.0,0.0,0.0
62,0,10,0.0,0.0,0.0
62,0,11,0.0,0.0,0.0
62,0,12,0.0,0.0,0.0
62,0,13,0.0,0.0,0.0
62,0,14,0.0,0.0,0.0
62,0,15,0.0,0.0,0.0
62,0,16,0.0,0.0,0.0
62,0,17,0.0,0.0,0.0
62,0,18,0.0,0.0,0.0
62,0,19,0.0,0.0,0.0
62,0,20,0.0,0.0,0.0
62,0,21,0.5352320075035095,0.3635170459747314,-0.783064603805542
62,0,22,0.5672422647476196,0.3165098428726196,-0.757858395576477
62,0,23,0.5538864135742188,0.3959601521492004,-0.6820219159126282
62,0,24,0.6727753281593323,0.474974662065506,-0.3387945890426636
62,0,25,0.7053545117378235,0.7441347241401672,-0.3433104157447815
62,1,0,0.0,0.0,0.0
62,1,1,0.0,0.0,0.0
62,1,2,0.0,0.0,0.0
62,1,3,0.0,0.0,0.0
62,1,4,0.0,0.0,0.0
62,1,5,0.0,0.0,0.0
62,1,6,0.0,0.0,0.0
62,1,7,0.0,0.0,0.0
62,1,8,0.0,0.0,0.0
62,1,9,0.0,0.0,0.0
62,1,10,0.0,0.0,0.0
62,1,11,0.0,0.0,0.0
62,1,12,0.0,0.0,0.0
62,1,13,0.0,0.0,0.0
62,1,14,0.0,0.0,0.0
62,1,15,0.0,0.0,0.0
62,1,16,0.0,0.0,0.0
62,1,17,0.0,0.0,0.0
62,1,18,0.0,0.0,0.0
62,1,19,0.0,0.0,0.0
62,1,20,0.0,0.0,0.0
62,1,21,0.5352320075035095,0.3635170459747314,-0.783064603805542
62,1,22,0.4957544207572937,0.3174150586128235,-0.7581923604011536
62,1,23,0.5043424963951111,0.3975612223148346,-0.6790221929550171
62,1,24,0.3364757001399994,0.4617923200130462,-0.3764230608940124
62,1,25,0.2747196555137634,0.7359452843666077,-0.4424061179161072
