Frame,Hand,Landmark,X,Y,Z
1,0,0,0.463695764541626,0.9086171984672546,-1.834450387150355e-07
1,0,1,0.5016392469406128,0.9119767546653748,-0.0005653955158777
1,0,2,0.5411459803581238,0.9326772093772888,-0.0061506885103881
1,0,3,0.5679505467414856,0.9577066898345948,-0.0123994797468185
1,0,4,0.5894573926925659,0.9753668308258056,-0.0162475761026144
1,0,5,0.5469244718551636,0.9271018505096436,-0.0184743721038103
1,0,6,0.5697703957557678,0.9732064008712769,-0.0334800668060779
1,0,7,0.5540648102760315,0.9711177349090576,-0.0387276001274585
1,0,8,0.5430017113685608,0.9582173228263856,-0.039492942392826
1,0,9,0.5276490449905396,0.9384064078330994,-0.0252337343990802
1,0,10,0.5502565503120422,0.9878416657447816,-0.0362639799714088
1,0,11,0.536616325378418,0.9841490983963012,-0.0348978377878665
1,0,12,0.5269564986228943,0.9717186689376832,-0.0325539223849773
1,0,13,0.5045873522758484,0.9509621858596802,-0.032055988907814
1,0,14,0.5259106755256653,0.9978265762329102,-0.0387876071035862
1,0,15,0.5158720016479492,0.9971505403518676,-0.0302660167217254
1,0,16,0.5076044797897339,0.989404320716858,-0.0240037385374307
1,0,17,0.4807682037353515,0.9630321264266968,-0.0390306524932384
1,0,18,0.4985014796257019,0.9971582889556884,-0.0410830006003379
1,0,19,0.4934450089931488,0.9976326823234558,-0.0335981473326683
1,0,20,0.4876299202442169,0.9930019974708556,-0.0279730483889579
1,0,21,0.5084853172302246,0.3458465337753296,-0.8727946281433105
1,0,22,0.5390324592590332,0.3076959252357483,-0.8145878911018372
1,0,23,0.5366130471229553,0.3790949583053589,-0.7448810338973999
1,1,0,0.7876615524291992,0.4966070353984833,1.726344436292493e-07
1,1,1,0.813056230545044,0.467439204454422,-0.0025128608103841
1,1,2,0.8256967067718506,0.4315556585788727,-0.0082362601533532
1,1,3,0.8370878100395203,0.4000129401683807,-0.014406245201826
1,1,4,0.855442464351654,0.3814302086830139,-0.021492937579751
1,1,5,0.8096435070037842,0.3986311256885528,-0.017875999212265
1,1,6,0.8035125136375427,0.3516617715358734,-0.0284739304333925
1,1,7,0.7940699458122253,0.321464329957962,-0.0347524434328079
1,1,8,0.7840805053710938,0.2983313202857971,-0.0393811278045177
1,1,9,0.788459062576294,0.4011807441711426,-0.0244373101741075
1,1,10,0.7775555849075317,0.3499253690242767,-0.0340166129171848
1,1,11,0.7675405740737915,0.3160197734832763,-0.0400693826377391
1,1,12,0.758003830909729,0.290389209985733,-0.0448667593300342
1,1,13,0.7657421231269836,0.4112208783626556,-0.0305012799799442
1,1,14,0.7503775358200073,0.3662420809268951,-0.0398480333387851
1,1,15,0.7394627332687378,0.3369546830654144,-0.0469348542392253
1,1,16,0.7312343120574951,0.3153450787067413,-0.0523093491792678
1,1,17,0.7429531812667847,0.4265725612640381,-0.036199789494276
1,1,18,0.7183609008789062,0.4001116454601288,-0.0468160510063171
1,1,19,0.700955331325531,0.3821385502815246,-0.0524392910301685
1,1,20,0.6862993240356445,0.3667362928390503,-0.0557251647114753
1,1,21,0.5084853172302246,0.3458465337753296,-0.8727946281433105
1,1,22,0.4731529951095581,0.3152200579643249,-0.8256261944770813
1,1,23,0.4865396618843078,0.38471120595932,-0.7597813010215759
2,0,0,0.7878096103668213,0.494623601436615,1.782454148724355e-07
2,0,1,0.8125643730163574,0.4657084941864013,-0.0020799697376787
2,0,2,0.8252224922180176,0.4302652180194855,-0.0077211204916238
2,0,3,0.8368184566497803,0.3996087610721588,-0.013793128542602
2,0,4,0.8550085425376892,0.3820591568946838,-0.0208535622805356
2,0,5,0.8097471594810486,0.3977502286434173,-0.0181554332375526
2,0,6,0.8033689856529236,0.3514841794967651,-0.0285331327468156
2,0,7,0.7940245866775513,0.3220119476318359,-0.0346019901335239
2,0,8,0.7842471599578857,0.2991743385791778,-0.0390596762299537
2,0,9,0.7886264324188232,0.4006494283676147,-0.0249477159231901
2,0,10,0.7774991393089294,0.3495306372642517,-0.0343099944293499
2,0,11,0.7675349712371826,0.316125214099884,-0.0401157438755035
2,0,12,0.7583116292953491,0.290945291519165,-0.0447434373199939
2,0,13,0.7660187482833862,0.4110967814922333,-0.03113822825253
2,0,14,0.7502447366714478,0.3667193353176117,-0.0401413328945636
2,0,15,0.7391297817230225,0.3374302089214325,-0.0469087548553943
2,0,16,0.7310653328895569,0.3158740103244781,-0.0520750842988491
2,0,17,0.7430704236030579,0.4268186390399933,-0.0369255803525447
2,0,18,0.7180434465408325,0.3998437225818634,-0.0471020452678203
2,0,19,0.7007951736450195,0.3815690875053406,-0.0523209609091281
2,0,20,0.6865496635437012,0.3656623065471649,-0.0553696043789386
2,0,21,0.5074302554130554,0.3445363640785217,-0.8423060774803162
2,0,22,0.538212239742279,0.3059613704681396,-0.7911149859428406
2,0,23,0.5372114777565002,0.3766865730285644,-0.7173886299133301
2,1,0,0.4671604037284851,0.912174642086029,-1.4094938194375572e-07
2,1,1,0.5034258365631104,0.91345477104187,-0.0022376622073352
2,1,2,0.5420658588409424,0.9327022433280944,-0.0087653137743473
2,1,3,0.5685201287269592,0.9572124481201172,-0.015461572445929
2,1,4,0.5886327028274536,0.9765578508377076,-0.0198171455413103
2,1,5,0.5466036796569824,0.9265836477279664,-0.0213201977312564
2,1,6,0.570964515209198,0.9716141223907472,-0.0365208126604557
2,1,7,0.5554415583610535,0.9717476963996888,-0.0421229302883148
2,1,8,0.5447115302085876,0.9603206515312196,-0.0430947989225387
2,1,9,0.5275235176086426,0.9385669231414796,-0.0271046012639999
2,1,10,0.5509362816810608,0.9873759746551514,-0.0383462309837341
2,1,11,0.5380988121032715,0.986073911190033,-0.037282221019268
2,1,12,0.5286248326301575,0.9745917320251464,-0.0351889207959175
2,1,13,0.5049105286598206,0.951599419116974,-0.0328654684126377
2,1,14,0.5265630483627319,0.9974840879440308,-0.0396215729415416
2,1,15,0.5165848135948181,0.9972513318061828,-0.0309592448174953
2,1,16,0.5082993507385254,0.9891095161437988,-0.0245376694947481
2,1,17,0.4818867444992065,0.9639634490013124,-0.038891140371561
2,1,18,0.5001671314239502,0.9984179735183716,-0.0406873002648353
2,1,19,0.4951403737068176,0.9990386962890624,-0.0328309535980224
2,1,20,0.489002525806427,0.9938195943832396,-0.0269463825970888
2,1,21,0.5074302554130554,0.3445363640785217,-0.8423060774803162
2,1,22,0.4704771935939789,0.3149826526641845,-0.8022032380104065
2,1,23,0.4863986074924469,0.38340824842453,-0.732487678527832
3,0,0,0.4677802622318268,0.9113509058952332,-1.0194538901941996e-07
3,0,1,0.5039973855018616,0.9130831360816956,-0.0023625032044947
3,0,2,0.5423177480697632,0.9328842163085938,-0.0089431013911962
3,0,3,0.5683935880661011,0.95765620470047,-0.0155245428904891
3,0,4,0.5883369445800781,0.9773348569869996,-0.0199290178716182
3,0,5,0.5472999811172485,0.9272333979606628,-0.021668205037713
3,0,6,0.5711565613746643,0.971225917339325,-0.0365666970610618
3,0,7,0.5563190579414368,0.9735982418060304,-0.0421369597315788
3,0,8,0.5458962321281433,0.9642544388771056,-0.043187640607357
3,0,9,0.5280261635780334,0.9386836290359496,-0.0271683763712644
3,0,10,0.5507010817527771,0.9865625500679016,-0.0379663333296775
3,0,11,0.5394350290298462,0.9901451468467712,-0.0373815335333347
3,0,12,0.5307796597480774,0.983579158782959,-0.0359090901911258
3,0,13,0.5052259564399719,0.9512365460395812,-0.0325663276016712
3,0,14,0.5257560610771179,0.9966945052146912,-0.0395179018378257
3,0,15,0.5172945261001587,1.001060962677002,-0.0317167229950428
3,0,16,0.5104612112045288,0.9973170161247252,-0.0259514339268207
3,0,17,0.4818782210350036,0.9632928967475892,-0.038132082670927
3,0,18,0.4996404349803924,0.99747896194458,-0.0402021892368793
3,0,19,0.4958794713020324,1.0013179779052734,-0.0326379649341106
3,0,20,0.4910284578800201,0.99939227104187,-0.0269154533743858
3,0,21,0.5075191855430603,0.3473800420761108,-0.8227412104606628
3,0,22,0.5384907126426697,0.3074841499328613,-0.7709137797355652
3,0,23,0.5368204712867737,0.379362404346466,-0.703396737575531
3,1,0,0.7893943786621094,0.4978270828723907,1.7337131907879669e-07
3,1,1,0.8130094408988953,0.467789888381958,-0.0019421364413574
3,1,2,0.8252434730529785,0.4311594069004059,-0.0076009128242731
3,1,3,0.8368876576423645,0.4002012908458709,-0.0137543091550469
3,1,4,0.8548598885536194,0.3823119401931762,-0.0209327172487974
3,1,5,0.8097739219665527,0.3984640538692474,-0.0182984173297882
3,1,6,0.8034483194351196,0.3513060808181762,-0.0289910174906253
3,1,7,0.794062614440918,0.3211323022842407,-0.035327211022377
3,1,8,0.7843086123466492,0.2980102896690368,-0.0399442203342914
3,1,9,0.7888588905334473,0.4011900126934051,-0.0252966526895761
3,1,10,0.7779874205589294,0.3495347797870636,-0.034675758332014
3,1,11,0.7678483724594116,0.3157058358192444,-0.0405622981488704
3,1,12,0.758493185043335,0.2903936207294464,-0.0452194288372993
3,1,13,0.7664451003074646,0.4118164479732513,-0.0316652432084083
3,1,14,0.7503242492675781,0.3658407628536224,-0.0406683422625064
3,1,15,0.7386135458946228,0.3363683223724365,-0.0474654473364353
3,1,16,0.7301514148712158,0.3147994577884674,-0.052722793072462
3,1,17,0.7439697980880737,0.4284241795539856,-0.0376191288232803
3,1,18,0.7185418605804443,0.4016878604888916,-0.0480775535106658
3,1,19,0.7008199095726013,0.3830721974372864,-0.0534120239317417
3,1,20,0.686324954032898,0.3669464588165283,-0.0564677380025386
3,1,21,0.5075191855430603,0.3473800420761108,-0.8227412104606628
3,1,22,0.4719153344631195,0.3160533905029297,-0.7823081016540527
3,1,23,0.4867375493049621,0.3858024477958679,-0.7192975282669067
4,0,0,0.4684140086174011,0.911842405796051,-1.3424073586065788e-07
4,0,1,0.5059817433357239,0.9130761623382568,-0.0020610552746802
4,0,2,0.5446010231971741,0.9332902431488036,-0.0081362249329686
4,0,3,0.5704156756401062,0.9587973356246948,-0.0144028384238481
4,0,4,0.5906811356544495,0.977239727973938,-0.0181993041187524
4,0,5,0.5478668808937073,0.9271056056022644,-0.0202914010733366
4,0,6,0.5709201097488403,0.9730480909347534,-0.03483721986413
4,0,7,0.5557655096054077,0.9734249711036682,-0.0399878993630409
4,0,8,0.5449998378753662,0.9621985554695128,-0.0407268367707729
4,0,9,0.5279597043991089,0.9396119117736816,-0.0259400997310876
4,0,10,0.5508408546447754,0.98768413066864,-0.0360749028623104
4,0,11,0.5386369824409485,0.9881612658500672,-0.0349896475672721
4,0,12,0.5291767716407776,0.9782438278198242,-0.0333174243569374
4,0,13,0.5051265954971313,0.9527752995491028,-0.0315740145742893
4,0,14,0.5264315009117126,0.9970957040786744,-0.037680260837078
4,0,15,0.516027569770813,0.9983609914779664,-0.0292184054851531
4,0,16,0.5073704719543457,0.9913190603256226,-0.0231977794319391
4,0,17,0.48238006234169,0.9652231335639954,-0.0375097207725048
4,0,18,0.5005475282669067,0.9987815022468568,-0.0392496213316917
4,0,19,0.4948844313621521,1.0010771751403809,-0.0316977351903915
4,0,20,0.4879145920276642,0.997162401676178,-0.0260916668921709
4,0,21,0.5068811178207397,0.3459863662719726,-0.8296617865562439
4,0,22,0.5390266180038452,0.3066621422767639,-0.7775701284408569
4,0,23,0.5368890166282654,0.377935528755188,-0.7046328186988831
4,1,0,0.7888180017471313,0.4984899461269378,1.6817530479329434e-07
4,1,1,0.8132831454277039,0.4675979018211365,-0.0009508042130619
4,1,2,0.825360119342804,0.4304440915584564,-0.0060069840401411
4,1,3,0.8370084166526794,0.3992120325565338,-0.0118020717054605
4,1,4,0.8559092879295349,0.3810707926750183,-0.0185514204204082
4,1,5,0.8090613484382629,0.3981044292449951,-0.0161792337894439
4,1,6,0.8029093146324158,0.3507122099399566,-0.0260183680802583
4,1,7,0.7938302755355835,0.3206486701965332,-0.0317856334149837
4,1,8,0.7844194769859314,0.2977780699729919,-0.036064825952053
4,1,9,0.7879031300544739,0.4006165564060211,-0.0232276394963264
4,1,10,0.77726149559021,0.3485710024833679,-0.0319353938102722
4,1,11,0.76728755235672,0.3146890103816986,-0.0374274589121341
4,1,12,0.7580451369285583,0.2893770337104797,-0.0418521538376808
4,1,13,0.7653694748878479,0.4107533991336822,-0.0296440329402685
4,1,14,0.7498072385787964,0.3647922575473785,-0.0381244048476219
4,1,15,0.7386454939842224,0.3359222114086151,-0.0448268875479698
4,1,16,0.7305362224578857,0.3149379193782806,-0.0500583499670028
4,1,17,0.7429317235946655,0.4264864921569824,-0.035583134740591
4,1,18,0.7180724143981934,0.3998695015907287,-0.0454678237438201
4,1,19,0.7004554867744446,0.3820803165435791,-0.0507112964987754
4,1,20,0.6858052611351013,0.3669073581695556,-0.0537894740700721
4,1,21,0.5068811178207397,0.3459863662719726,-0.8296617865562439
4,1,22,0.4707153141498565,0.3164029717445373,-0.7886927723884583
4,1,23,0.4855108559131622,0.384116530418396,-0.7198571562767029
5,0,0,0.4668642282485962,0.9114482402801514,-1.3029556100718764e-07
5,0,1,0.5043535828590393,0.9130395650863647,-0.002127609681338
5,0,2,0.5429221987724304,0.9335125088691713,-0.0080118868499994
5,0,3,0.5693090558052063,0.958785891532898,-0.0141154639422893
5,0,4,0.5909349322319031,0.9765341877937316,-0.0178166180849075
5,0,5,0.5480089783668518,0.927680253982544,-0.0192117672413587
5,0,6,0.5720192790031433,0.9726199507713318,-0.0338837429881095
5,0,7,0.5565367341041565,0.9740983247756958,-0.0395078994333744
5,0,8,0.5457820296287537,0.9638522863388062,-0.0405789092183113
5,0,9,0.528457760810852,0.9399899244308472,-0.0248539876192808
5,0,10,0.5511351823806763,0.9870383143424988,-0.034970186650753
5,0,11,0.5393369793891907,0.98831444978714,-0.0343730673193931
5,0,12,0.5307459831237793,0.979528307914734,-0.0330571196973323
5,0,13,0.5057608485221863,0.9527801275253296,-0.0306070409715175
5,0,14,0.5266097784042358,0.9968944787979126,-0.037067886441946
5,0,15,0.5169116258621216,0.9995320439338684,-0.029194388538599
5,0,16,0.5092387199401855,0.9942901134490968,-0.0235317610204219
5,0,17,0.4827940165996551,0.9648804664611816,-0.0366387106478214
5,0,18,0.5001263618469238,0.9977830052375792,-0.0387572906911373
5,0,19,0.4948393404483795,1.0008665323257446,-0.0314300581812858
5,0,20,0.4887228310108185,0.9981729984283448,-0.0259069576859474
5,0,21,0.5053959488868713,0.3459240198135376,-0.8052107691764832
5,0,22,0.5370795130729675,0.3066507577896118,-0.7534700036048889
5,0,23,0.5347913503646851,0.3784024715423584,-0.6869344115257263
5,1,0,0.7914401292800903,0.4974778294563293,1.7038003363722964e-07
5,1,1,0.8158023357391357,0.4691611528396606,-0.0038046932313591
5,1,2,0.8270819783210754,0.4334274232387543,-0.0102823106572031
5,1,3,0.8385815620422363,0.4005436301231384,-0.0168430004268884
5,1,4,0.8576281070709229,0.3813118040561676,-0.0242575723677873
5,1,5,0.8125290274620056,0.3970648050308227,-0.0195164922624826
5,1,6,0.8063172698020935,0.3497244417667389,-0.0306195896118879
5,1,7,0.7977874279022217,0.3195037841796875,-0.0372256711125373
5,1,8,0.7888535261154175,0.2960042059421539,-0.0420995205640792
5,1,9,0.7920445799827576,0.3994169533252716,-0.0255886074155569
5,1,10,0.7816401720046997,0.3477400541305542,-0.0353561751544475
5,1,11,0.7717581391334534,0.3142449855804443,-0.041200827807188
5,1,12,0.7622617483139038,0.288702130317688,-0.045774009078741
5,1,13,0.7700042128562927,0.4099389910697937,-0.031255092471838
5,1,14,0.753494143486023,0.3640255928039551,-0.0408966913819313
5,1,15,0.7416616082191467,0.3352802395820617,-0.0476879067718982
5,1,16,0.7332567572593689,0.3139142394065857,-0.0527740009129047
5,1,17,0.7480064630508423,0.4264456331729889,-0.0366691090166568
5,1,18,0.7209482789039612,0.3997360467910766,-0.047647763043642
5,1,19,0.703046441078186,0.382107526063919,-0.0532302744686603
5,1,20,0.6888376474380493,0.3667422235012054,-0.0563707686960697
5,1,21,0.5053959488868713,0.3459240198135376,-0.8052107691764832
5,1,22,0.4698657095432281,0.3149001002311706,-0.7641802430152893
5,1,23,0.4842131435871124,0.3845604658126831,-0.7016816735267639
6,0,0,0.4666675925254822,0.9115585684776306,-1.3507447249594406e-07
6,0,1,0.5039892196655273,0.912741243839264,-0.001520000048913
6,0,2,0.5430574417114258,0.9322542548179626,-0.0071101826615631
6,0,3,0.5697769522666931,0.9566484689712524,-0.0131397508084774
6,0,4,0.590406060218811,0.9755645990371704,-0.0168549679219722
6,0,5,0.5471354722976685,0.9269187450408936,-0.0178357139229774
6,0,6,0.5713430643081665,0.9713985323905944,-0.0319532454013824
6,0,7,0.5567208528518677,0.9724796414375304,-0.0373892970383167
6,0,8,0.5462676286697388,0.96219140291214,-0.0383750833570957
6,0,9,0.5274694561958313,0.9394757747650146,-0.0236286148428916
6,0,10,0.5508279204368591,0.9859447479248048,-0.0332604274153709
6,0,11,0.5394276976585388,0.9867177605628968,-0.0327358953654766
6,0,12,0.5304038524627686,0.9777428507804872,-0.0314561761915683
6,0,13,0.5049405097961426,0.9526581168174744,-0.0294418986886739
6,0,14,0.5263107419013977,0.9961304664611816,-0.035470113158226
6,0,15,0.516318678855896,0.996627926826477,-0.0275615062564611
6,0,16,0.5079449415206909,0.9893559813499452,-0.0218005087226629
6,0,17,0.4821422696113586,0.9652271270751952,-0.0354933924973011
6,0,18,0.5000994801521301,0.9980331659317015,-0.0371307581663131
6,0,19,0.4942960441112518,0.9987828135490416,-0.0295405909419059
6,0,20,0.4872106909751892,0.9936686754226683,-0.023787522688508
6,0,21,0.5103514194488525,0.3449666500091553,-0.8584616780281067
6,0,22,0.5402507781982422,0.3066040873527527,-0.8024366497993469
6,0,23,0.5399789214134216,0.37678062915802,-0.729196310043335
6,1,0,0.7935023903846741,0.4940345883369446,1.737766837095478e-07
6,1,1,0.8181233406066895,0.4643998742103576,-0.0021201407071202
6,1,2,0.8301934003829956,0.4287853240966797,-0.0084489528089761
6,1,3,0.8420664668083191,0.3976211845874786,-0.0150845162570476
6,1,4,0.8608672022819519,0.3803733587265014,-0.02289386279881
6,1,5,0.8162262439727783,0.3969649970531463,-0.0211017616093158
6,1,6,0.8109387159347534,0.3485789895057678,-0.0324616134166717
6,1,7,0.8026123046875,0.3175388276576996,-0.0388683639466762
6,1,8,0.7938057780265808,0.2935602366924286,-0.0434853993356227
6,1,9,0.795499861240387,0.3996696174144745,-0.0279218181967735
6,1,10,0.7861665487289429,0.3468486070632934,-0.0381731353700161
6,1,11,0.7763807773590088,0.3120725750923157,-0.0441060476005077
6,1,12,0.7669649124145508,0.2862677574157715,-0.0487757287919521
6,1,13,0.7732110619544983,0.4101284742355346,-0.0339031964540481
6,1,14,0.7576727271080017,0.3625064790248871,-0.0435485355556011
6,1,15,0.746351957321167,0.3324562907218933,-0.0506162084639072
6,1,16,0.7381278276443481,0.3110968470573425,-0.0559924989938735
6,1,17,0.7510405778884888,0.4260550737380981,-0.0393632985651493
6,1,18,0.7254211902618408,0.3979611098766327,-0.050297625362873
6,1,19,0.7080336213111877,0.3792851269245147,-0.0560303106904029
6,1,20,0.6940226554870605,0.3636675477027893,-0.0593588910996913
6,1,21,0.5103514194488525,0.3449666500091553,-0.8584616780281067
6,1,22,0.472522497177124,0.3160253167152405,-0.816892683506012
6,1,23,0.4896404445171356,0.3831647634506225,-0.7481905221939087
7,0,0,0.469249963760376,0.9122740626335144,-1.5395818309116296e-07
7,0,1,0.5060843229293823,0.9144888520240784,-0.0023244493640959
7,0,2,0.5443136096000671,0.9354236125946044,-0.008351975120604
7,0,3,0.5700263381004333,0.9605870246887208,-0.0144332032650709
7,0,4,0.5911927819252014,0.978335440158844,-0.0180585347115993
7,0,5,0.5476056933403015,0.9275938272476196,-0.0204992350190877
7,0,6,0.5717320442199707,0.9729151129722596,-0.0353925302624702
7,0,7,0.5564284324645996,0.9723882079124452,-0.0409123934805393
7,0,8,0.5452631711959839,0.9601587057113647,-0.0417683832347393
7,0,9,0.527704119682312,0.9395846128463744,-0.0259778555482625
7,0,10,0.5512328743934631,0.9864276647567748,-0.0359616801142692
7,0,11,0.5387173295021057,0.9845927953720092,-0.0343564487993717
7,0,12,0.5290478467941284,0.972743034362793,-0.0323536805808544
7,0,13,0.5047836899757385,0.952030062675476,-0.0315254814922809
7,0,14,0.5261262655258179,0.9951507449150084,-0.0376761108636856
7,0,15,0.5147814154624939,0.9925884008407592,-0.0283550098538398
7,0,16,0.5056706666946411,0.9827830791473388,-0.0218977555632591
7,0,17,0.481126070022583,0.9637304544448853,-0.0373763926327228
7,0,18,0.4985983967781067,0.9954599142074584,-0.0391923077404499
7,0,19,0.4913236498832702,0.9914712905883788,-0.0307880286127328
7,0,20,0.4835930466651916,0.9826050996780396,-0.0246913768351078
7,0,21,0.5072373747825623,0.34609454870224,-0.8209288716316223
7,0,22,0.5382846593856812,0.3065502047538757,-0.7679941058158875
7,0,23,0.5371649265289307,0.377982497215271,-0.6974794864654541
7,1,0,0.8009049892425537,0.4928933978080749,2.062751605080848e-07
7,1,1,0.8255964517593384,0.4637706875801086,-0.0023740681353956
7,1,2,0.8359909653663635,0.4265001118183136,-0.0074616973288357
7,1,3,0.8463219404220581,0.3951531648635864,-0.012936046347022
7,1,4,0.8657927513122559,0.3789663910865783,-0.0194270629435777
7,1,5,0.821052610874176,0.3939975798130035,-0.0188844222575426
7,1,6,0.8161479234695435,0.3460554778575897,-0.0293667800724506
7,1,7,0.8095870018005371,0.3149626851081848,-0.0349948555231094
7,1,8,0.8030595779418945,0.2909363508224487,-0.039036888629198
7,1,9,0.7998945116996765,0.3956842720508575,-0.0252975113689899
7,1,10,0.791485071182251,0.3430318534374237,-0.0346038714051246
7,1,11,0.7832077145576477,0.3087085783481598,-0.0397753231227397
7,1,12,0.7756978273391724,0.2823668420314789,-0.043715514242649
7,1,13,0.7771444320678711,0.4059770703315735,-0.0311100184917449
7,1,14,0.7641184329986572,0.3592423498630523,-0.0404388755559921
7,1,15,0.7540271282196045,0.3302855491638183,-0.0475789457559585
7,1,16,0.7467441558837891,0.3086603879928589,-0.0528816431760787
7,1,17,0.7545568346977234,0.4228553771972656,-0.036476906388998
7,1,18,0.7306115031242371,0.397173672914505,-0.0470788292586803
7,1,19,0.7134544849395752,0.3798233866691589,-0.0527844727039337
7,1,20,0.6994532346725464,0.3644384443759918,-0.0561527013778686
7,1,21,0.5072373747825623,0.34609454870224,-0.8209288716316223
7,1,22,0.4698297083377838,0.3161874413490295,-0.7811571955680847
7,1,23,0.4860778450965881,0.3841836452484131,-0.7148721814155579
8,0,0,0.8058011531829834,0.4903879463672638,2.1155746310341786e-07
8,0,1,0.8319681882858276,0.4614793658256531,-0.0035598704125732
8,0,2,0.8443093299865723,0.4253290295600891,-0.0098613630980253
8,0,3,0.8556933403015137,0.3942037224769592,-0.0165123008191585
8,0,4,0.8751311302185059,0.3764179050922394,-0.0242719892412424
8,0,5,0.8292936086654663,0.392150342464447,-0.0204308349639177
8,0,6,0.8261972665786743,0.344376653432846,-0.0325323082506656
8,0,7,0.821361243724823,0.313102513551712,-0.0396996140480041
8,0,8,0.8163380026817322,0.2884679436683655,-0.0448193177580833
8,0,9,0.8081479668617249,0.394111692905426,-0.0273141637444496
8,0,10,0.8000836372375488,0.3414511978626251,-0.0377514213323593
8,0,11,0.7925460934638977,0.3063637316226959,-0.0442148856818676
8,0,12,0.7857810258865356,0.2792043387889862,-0.0491757243871688
8,0,13,0.7855716347694397,0.4051688313484192,-0.0337863154709339
8,0,14,0.7720693945884705,0.3582252860069275,-0.0444258339703083
8,0,15,0.7622363567352295,0.3281721770763397,-0.0524479448795318
8,0,16,0.7556843757629395,0.3052743375301361,-0.0583733133971691
8,0,17,0.7634047269821167,0.4230007827281952,-0.0399032831192016
8,0,18,0.7389781475067139,0.3967491388320923,-0.0522319339215755
8,0,19,0.7217010259628296,0.3787570893764496,-0.0586497783660888
8,0,20,0.7076663970947266,0.3625632226467132,-0.062406126409769
8,0,21,0.5066893696784973,0.3448220491409302,-0.8369600772857666
8,0,22,0.5377380847930908,0.3055914640426636,-0.784054696559906
8,0,23,0.5359803438186646,0.3773435950279236,-0.7081995606422424
8,1,0,0.4676284492015838,0.9123127460479736,-1.1711902203614954e-07
8,1,1,0.5050367712974548,0.9139583110809326,-0.0013659775722771
8,1,2,0.5424902439117432,0.9342077374458312,-0.0068861292675137
8,1,3,0.5679805278778076,0.958945631980896,-0.0126867964863777
8,1,4,0.589043140411377,0.976070523262024,-0.016201889142394
8,1,5,0.5485742092132568,0.9275702238082886,-0.0183009542524814
8,1,6,0.5705352425575256,0.9706795811653136,-0.0320962555706501
8,1,7,0.5564436912536621,0.9725801944732666,-0.0374761000275611
8,1,8,0.5460715293884277,0.9631679058074952,-0.0385689325630664
8,1,9,0.5290260910987854,0.9390480518341064,-0.0240503624081611
8,1,10,0.5506969690322876,0.9845081567764282,-0.0334339849650859
8,1,11,0.5397011637687683,0.9853425621986388,-0.0326043739914894
8,1,12,0.5307393670082092,0.9766618609428406,-0.0311498213559389
8,1,13,0.5061525106430054,0.9513725638389589,-0.0297812614589929
8,1,14,0.5255964398384094,0.9941201210021972,-0.0356725864112377
8,1,15,0.5158817172050476,0.9950281381607056,-0.0278347954154014
8,1,16,0.5077078938484192,0.9886006116867064,-0.0222418997436761
8,1,17,0.4824408590793609,0.96344655752182,-0.0357203669846057
8,1,18,0.4981602430343628,0.9948115348815918,-0.0377258844673633
8,1,19,0.492483377456665,0.9951547384262084,-0.0305479783564806
8,1,20,0.4861803650856018,0.9904887676239014,-0.0250685811042785
8,1,21,0.5066893696784973,0.3448220491409302,-0.8369600772857666
8,1,22,0.4710350334644317,0.3143333196640014,-0.796812891960144
8,1,23,0.4863740801811218,0.3839174509048462,-0.7250711917877197
9,0,0,0.8126460313796997,0.4933711588382721,1.9951113472416185e-07
9,0,1,0.8385471701622009,0.4614861905574798,-0.0006292629987001
9,0,2,0.851379930973053,0.422690749168396,-0.006222718860954
9,0,3,0.8648343086242676,0.391679972410202,-0.0124058751389384
9,0,4,0.8868038058280945,0.3776341378688812,-0.0201097875833511
9,0,5,0.8397900462150574,0.3936095833778381,-0.022225672379136
9,0,6,0.8367198705673218,0.3438064157962799,-0.0342443063855171
9,0,7,0.8318045139312744,0.3107699453830719,-0.040851891040802
9,0,8,0.8268638849258423,0.2849194407463074,-0.0455175004899501
9,0,9,0.8191709518432617,0.3966454565525055,-0.0300581231713295
9,0,10,0.8109439611434937,0.3416506052017212,-0.040529653429985
9,0,11,0.8035274147987366,0.3044742941856384,-0.0461626686155796
9,0,12,0.7967760562896729,0.2760438323020935,-0.0506351999938488
9,0,13,0.7961961030960083,0.4077168107032776,-0.0368704572319984
9,0,14,0.7811605930328369,0.3580186367034912,-0.0470499768853187
9,0,15,0.7711790800094604,0.3261180520057678,-0.0545795150101184
9,0,16,0.7643234729766846,0.3024326860904693,-0.0602641478180885
9,0,17,0.7726179957389832,0.4247820973396301,-0.0429816171526908
9,0,18,0.7469854950904846,0.3957298994064331,-0.0547909401357173
9,0,19,0.7291039228439331,0.3765255510807037,-0.0610248707234859
9,0,20,0.7143162488937378,0.3601153492927551,-0.0647485479712486
9,0,21,0.5063833594322205,0.3449859023094177,-0.7768006920814514
9,0,22,0.5373565554618835,0.3055794239044189,-0.726486325263977
9,0,23,0.5353560447692871,0.3778109550476074,-0.6578084826469421
9,1,0,0.4672515988349914,0.912124752998352,-1.599564853904667e-07
9,1,1,0.5044390559196472,0.9144243001937866,-0.0009428780758753
9,1,2,0.542380690574646,0.9344363808631896,-0.006836961954832
9,1,3,0.5675153136253357,0.9586724638938904,-0.013114002533257
9,1,4,0.5882484912872314,0.976315140724182,-0.016987157985568
9,1,5,0.5475631356239319,0.9281446933746338,-0.0203635394573211
9,1,6,0.5703728199005127,0.9735920429229736,-0.0351940989494323
9,1,7,0.5544864535331726,0.9725258946418762,-0.040364533662796
9,1,8,0.5431323051452637,0.9596740007400512,-0.0409866161644458
9,1,9,0.5284850001335144,0.9395362734794616,-0.0268329437822103
9,1,10,0.55075603723526,0.9878302812576294,-0.0370341911911964
9,1,11,0.5369298458099365,0.9849684238433838,-0.0348939336836338
9,1,12,0.5269845724105835,0.9718409180641174,-0.0323797464370727
9,1,13,0.5057660341262817,0.951468586921692,-0.0332535170018672
9,1,14,0.5251646041870117,0.9959531426429749,-0.0390386134386062
9,1,15,0.5134419202804565,0.9928917288780212,-0.0292806681245565
9,1,16,0.5043424367904663,0.9821189045906068,-0.0225441921502351
9,1,17,0.4819524884223938,0.9628370404243468,-0.0399352125823497
9,1,18,0.4986850321292877,0.9965461492538452,-0.0413143560290336
9,1,19,0.4914571046829223,0.9933028221130372,-0.0327561944723129
9,1,20,0.4840162694454193,0.9843953251838684,-0.0266101565212011
9,1,21,0.5063833594322205,0.3449859023094177,-0.7768006920814514
9,1,22,0.4714275300502777,0.3139726519584656,-0.7403078675270081
9,1,23,0.4845933616161346,0.3844471573829651,-0.6761205792427063
10,0,0,0.8177114725112915,0.4924677610397339,2.1717664822062946e-07
10,0,1,0.8465102910995483,0.4623468816280365,-0.001722703455016
10,0,2,0.861802339553833,0.4241974055767059,-0.0076450766064226
10,0,3,0.8757200241088867,0.3919409811496734,-0.0140415420755743
10,0,4,0.896691083908081,0.3745317161083221,-0.0217720977962017
10,0,5,0.8499106168746948,0.3934783637523651,-0.0217481646686792
10,0,6,0.8484363555908203,0.3435134887695312,-0.0335031971335411
10,0,7,0.8443089127540588,0.3112764358520508,-0.0400852300226688
10,0,8,0.839439332485199,0.2855112552642822,-0.0448295883834362
10,0,9,0.8269490003585815,0.3953115046024322,-0.0290859919041395
10,0,10,0.8219250440597534,0.341166615486145,-0.0394892133772373
10,0,11,0.8168071508407593,0.3045280575752258,-0.0457316935062408
10,0,12,0.8117557764053345,0.2759799063205719,-0.0507771596312522
10,0,13,0.8017640709877014,0.4052807986736297,-0.0355648696422576
10,0,14,0.7911986112594604,0.3572313785552978,-0.0457592643797397
10,0,15,0.784084141254425,0.3243089914321899,-0.0537794418632984
10,0,16,0.779127836227417,0.2989479303359985,-0.0600040443241596
10,0,17,0.7757983803749084,0.4208268821239471,-0.0413960367441177
10,0,18,0.7548102140426636,0.3916369080543518,-0.0530157536268234
10,0,19,0.7390741109848022,0.3716990649700165,-0.0591971389949321
10,0,20,0.7257359623908997,0.3542154729366302,-0.0629898682236671
10,0,21,0.5101337432861328,0.3433657884597778,-0.8422672748565674
10,0,22,0.5404796600341797,0.3051480054855346,-0.7842442393302917
10,0,23,0.5399573445320129,0.375896692276001,-0.7126238942146301
10,1,0,0.4661927223205566,0.9111988544464112,-1.3875153470621626e-08
10,1,1,0.5034475326538086,0.9128733277320862,-0.0019749223720282
10,1,2,0.542360782623291,0.9331923723220824,-0.0080764573067426
10,1,3,0.5689722299575806,0.957857310771942,-0.0142369214445352
10,1,4,0.5907236933708191,0.9757883548736572,-0.0184864997863769
10,1,5,0.5469308495521545,0.9269464015960692,-0.0200446117669343
10,1,6,0.5699772834777832,0.9713595509529114,-0.0351756587624549
10,1,7,0.5591092109680176,0.9801275730133056,-0.0412790179252624
10,1,8,0.5497569441795349,0.9768897891044616,-0.0425351671874523
10,1,9,0.5273064970970154,0.9381051063537598,-0.0255312900990247
10,1,10,0.5501418113708496,0.9872437119483948,-0.0366391837596893
10,1,11,0.5448145270347595,0.9976972341537476,-0.037246536463499
10,1,12,0.5381184220314026,0.9982828497886658,-0.0362162105739116
10,1,13,0.5043951869010925,0.9503887891769408,-0.030988160520792
10,1,14,0.5252883434295654,0.9961430430412292,-0.0381868369877338
10,1,15,0.5240085124969482,1.0099546909332275,-0.0326776579022407
10,1,16,0.5214561223983765,1.0159322023391724,-0.0282026957720518
10,1,17,0.4813538491725921,0.9621974229812622,-0.0365508534014225
10,1,18,0.4986839890480041,0.9964876770973206,-0.0391808301210403
10,1,19,0.501039981842041,1.0093578100204468,-0.0333895348012447
10,1,20,0.5013420581817627,1.017054557800293,-0.0286685023456811
10,1,21,0.5101337432861328,0.3433657884597778,-0.8422672748565674
10,1,22,0.4728289544582367,0.314236044883728,-0.8021031618118286
10,1,23,0.4878304302692413,0.3816027641296386,-0.7362534999847412
11,0,0,0.4728003740310669,0.9119993448257446,-3.6269881320549764e-08
11,0,1,0.5088937878608704,0.9135675430297852,-0.0016071058344095
11,0,2,0.546346127986908,0.9322475790977478,-0.0075151673518121
11,0,3,0.5717571377754211,0.956604778766632,-0.0135221686214208
11,0,4,0.5903904438018799,0.9769333004951476,-0.0179449655115604
11,0,5,0.5475786328315735,0.9290773868560792,-0.0181147567927837
11,0,6,0.5696138143539429,0.9693573713302612,-0.031321071088314
11,0,7,0.5607026815414429,0.976674497127533,-0.036973588168621
11,0,8,0.5531797409057617,0.9729406237602234,-0.0385325625538826
11,0,9,0.5282992720603943,0.9399571418762208,-0.0235180892050266
11,0,10,0.549531102180481,0.984312891960144,-0.0324762128293514
11,0,11,0.5450257658958435,0.9927060008049012,-0.0326302275061607
11,0,12,0.5398557782173157,0.9918139576911926,-0.0320239253342151
11,0,13,0.5055645704269409,0.9514387249946594,-0.0287641044706106
11,0,14,0.5255171060562134,0.9940330386161804,-0.0349331796169281
11,0,15,0.5234959721565247,1.003983736038208,-0.0286671537905931
11,0,16,0.52122962474823,1.0065112113952637,-0.0241371020674705
11,0,17,0.4824366569519043,0.9623606204986572,-0.0340447165071964
11,0,18,0.4978497922420501,0.9935571551322936,-0.036700502038002
11,0,19,0.4989597797393799,1.0029313564300537,-0.0303024258464574
11,0,20,0.4987673163414001,1.0071977376937866,-0.0252359602600336
11,0,21,0.5106604099273682,0.3470057249069214,-0.9813414812088012
11,0,22,0.5397747159004211,0.3071982860565185,-0.9228312373161316
11,0,23,0.5388758778572083,0.3790321946144104,-0.8492783308029175
11,1,0,0.8197683691978455,0.4988666176795959,1.931224886675409e-07
11,1,1,0.8479213118553162,0.4654703736305237,0.0003663948446046
11,1,2,0.8623388409614563,0.4254470765590668,-0.0045229797251522
11,1,3,0.8759462237358093,0.393235981464386,-0.010304587893188
11,1,4,0.8972182273864746,0.3758448660373688,-0.0174202471971511
11,1,5,0.8511978983879089,0.3955504596233368,-0.0189811699092388
11,1,6,0.851658046245575,0.3442113399505615,-0.0303641315549612
11,1,7,0.848000168800354,0.3111686706542969,-0.0366910696029663
11,1,8,0.8431109189987183,0.2850923836231231,-0.041237823665142
11,1,9,0.8292270302772522,0.3971941173076629,-0.027306068688631
11,1,10,0.825509250164032,0.3409168124198913,-0.0374067686498165
11,1,11,0.8203416466712952,0.3032770454883575,-0.0435490608215332
11,1,12,0.8148192167282104,0.2745902836322784,-0.0484105199575424
11,1,13,0.8046585321426392,0.4071410596370697,-0.034647312015295
11,1,14,0.7954001426696777,0.3564770221710205,-0.0447069518268108
11,1,15,0.787696361541748,0.3227646946907043,-0.0525732152163982
11,1,16,0.7819528579711914,0.2972427606582641,-0.0586933121085166
11,1,17,0.7791563272476196,0.4234461784362793,-0.0411548092961311
11,1,18,0.7582976818084717,0.3941505253314972,-0.0528783127665519
11,1,19,0.742703914642334,0.3733054995536804,-0.0588143467903137
11,1,20,0.7296053171157837,0.3554069995880127,-0.0623377114534378
11,1,21,0.5106604099273682,0.3470057249069214,-0.9813414812088012
11,1,22,0.4733520150184631,0.3177738189697265,-0.936664581298828
11,1,23,0.4865718483924866,0.3858638405799866,-0.8672904968261719
12,0,0,0.4706206321716308,0.9115505814552308,-1.1408030786697057e-07
12,0,1,0.5086318850517273,0.912879228591919,-0.0007318167481571
12,0,2,0.5466611385345459,0.9314956068992616,-0.0068712020292878
12,0,3,0.5722453594207764,0.95623117685318,-0.0136895226314663
12,0,4,0.5909291505813599,0.9761056303977966,-0.0185397155582904
12,0,5,0.5476105213165283,0.92636638879776,-0.017075901851058
12,0,6,0.570023238658905,0.9685314297676086,-0.0308419987559318
12,0,7,0.5582837462425232,0.9715444445610046,-0.0367966964840889
12,0,8,0.5499258637428284,0.9630775451660156,-0.0385121293365955
12,0,9,0.5280347466468811,0.9373952150344848,-0.0236020777374506
12,0,10,0.5501306653022766,0.98481285572052,-0.0338696390390396
12,0,11,0.5406688451766968,0.9854262471199036,-0.0339100919663906
12,0,12,0.5323859453201294,0.974835216999054,-0.0328072346746921
12,0,13,0.505125880241394,0.9496529698371888,-0.0299677792936563
12,0,14,0.5265090465545654,0.9938501119613647,-0.0362091287970542
12,0,15,0.5182032585144043,0.995371162891388,-0.0283751264214515
12,0,16,0.5103281140327454,0.9878785610198976,-0.0225573182106018
12,0,17,0.4817762970924377,0.9614442586898804,-0.036514651030302
12,0,18,0.4991362690925598,0.9947577714920044,-0.038499005138874
12,0,19,0.4954519271850586,0.9984655976295472,-0.0311405658721923
12,0,20,0.4901953339576721,0.9956200122833252,-0.0254900399595499
12,0,21,0.5114079713821411,0.3451937437057495,-1.0128661394119265
12,0,22,0.5404700040817261,0.3050511479377746,-0.9537703394889832
12,0,23,0.5398542284965515,0.3768459558486938,-0.880101203918457
12,1,0,0.8213548064231873,0.4941762089729309,2.049227418865485e-07
12,1,1,0.8494429588317871,0.4623950719833374,-0.0002230093523394
12,1,2,0.8636440634727478,0.4247479736804962,-0.0056349402293562
12,1,3,0.8774816989898682,0.3937117457389831,-0.0117609798908233
12,1,4,0.8988431096076965,0.3774414956569671,-0.0192050449550151
12,1,5,0.852546215057373,0.3947072029113769,-0.0208733417093753
12,1,6,0.8517329692840576,0.3441092669963836,-0.0324010848999023
12,1,7,0.8471298217773438,0.3116271495819092,-0.0384811386466026
12,1,8,0.841751217842102,0.2859809994697571,-0.0428303182125091
12,1,9,0.8304387331008911,0.396072119474411,-0.0287890844047069
12,1,10,0.8262770175933838,0.3411113619804382,-0.0396976843476295
12,1,11,0.8209880590438843,0.3036820292472839,-0.0459459275007247
12,1,12,0.815630316734314,0.2752667069435119,-0.0508034415543079
12,1,13,0.8054763078689575,0.4058259427547455,-0.0356364138424396
12,1,14,0.7951598167419434,0.3568353056907654,-0.0462087132036685
12,1,15,0.7880287170410156,0.3234516084194183,-0.05423404276371
12,1,16,0.782993733882904,0.2983081936836242,-0.060306891798973
12,1,17,0.7795666456222534,0.4218405783176422,-0.041641853749752
12,1,18,0.7579925060272217,0.392918050289154,-0.0535964369773864
12,1,19,0.7421362400054932,0.3726177215576172,-0.0598362050950527
12,1,20,0.7285434007644653,0.3550838232040405,-0.0635557919740676
12,1,21,0.5114079713821411,0.3451937437057495,-1.0128661394119265
12,1,22,0.4741475582122803,0.3162987828254699,-0.9661121964454652
12,1,23,0.4882439970970154,0.3844255208969116,-0.8959943056106567
13,0,0,0.8201976418495178,0.4946566522121429,2.154656328912097e-07
13,0,1,0.8480390906333923,0.4640691578388214,-0.0021280255168676
13,0,2,0.8621346950531006,0.427714467048645,-0.0087985824793577
13,0,3,0.8757160902023315,0.3965344429016113,-0.0160694811493158
13,0,4,0.8966129422187805,0.3790881037712097,-0.0245964564383029
13,0,5,0.8511512875556946,0.3958603739738464,-0.0215370282530784
13,0,6,0.851283073425293,0.345718652009964,-0.0338193178176879
13,0,7,0.8473179936408997,0.31337571144104,-0.0409065708518028
13,0,8,0.8420777916908264,0.2874462008476257,-0.0459365583956241
13,0,9,0.8291527032852173,0.397239625453949,-0.0290904752910137
13,0,10,0.8258250951766968,0.3428286612033844,-0.0399016104638576
13,0,11,0.8204904794692993,0.3057476878166199,-0.0465726926922798
13,0,12,0.8147002458572388,0.2770609259605407,-0.0518704615533351
13,0,13,0.8045504689216614,0.4069659113883972,-0.0358814410865306
13,0,14,0.7944066524505615,0.3582062125205993,-0.0462250262498855
13,0,15,0.7864837646484375,0.3249554932117462,-0.0540921650826931
13,0,16,0.7809776067733765,0.2997140884399414,-0.0602140203118324
13,0,17,0.7789428234100342,0.4226334989070892,-0.0421237908303737
13,0,18,0.7567572593688965,0.393495112657547,-0.0537740550935268
13,0,19,0.7411903142929077,0.3730747699737549,-0.0596994943916797
13,0,20,0.728546142578125,0.3554694354534149,-0.0632509738206863
13,0,21,0.5127875208854675,0.3435978293418884,-0.9596694707870485
13,0,22,0.5415167212486267,0.3034316897392273,-0.899222731590271
13,0,23,0.5411384701728821,0.3758071660995483,-0.8283986449241638
13,1,0,0.4716992676258087,0.9115305542945862,-2.8419297137816105e-08
13,1,1,0.5093960762023926,0.9126779437065125,-0.0013017375022172
13,1,2,0.5456854701042175,0.9311401844024658,-0.0062926388345658
13,1,3,0.5701532363891602,0.9556864500045776,-0.0115386471152305
13,1,4,0.5907810926437378,0.9727858304977416,-0.0150771271437406
13,1,5,0.5481775403022766,0.9271566867828368,-0.0145648121833801
13,1,6,0.56999272108078,0.964920938014984,-0.0264433976262807
13,1,7,0.5633761286735535,0.9726905822753906,-0.0318580828607082
13,1,8,0.558310329914093,0.9701228737831116,-0.0336587242782115
13,1,9,0.5291314721107483,0.9386520981788636,-0.0200204979628324
13,1,10,0.54996657371521,0.97984117269516,-0.0282070003449916
13,1,11,0.5472500324249268,0.988839030265808,-0.029096221551299
13,1,12,0.5444002747535706,0.9892435669898988,-0.0291832983493804
13,1,13,0.5067030191421509,0.9510196447372437,-0.0254714339971542
13,1,14,0.5260204076766968,0.9925732612609864,-0.0316741988062858
13,1,15,0.5252662897109985,1.004265308380127,-0.0263981856405735
13,1,16,0.5243286490440369,1.0088006258010864,-0.0224699936807155
13,1,17,0.4836546778678894,0.9624456167221068,-0.0310216061770916
13,1,18,0.4987546503543854,0.994009792804718,-0.0341432392597198
13,1,19,0.5006905794143677,1.0057801008224487,-0.0285655111074447
13,1,20,0.5013903379440308,1.0126053094863892,-0.0239856224507093
13,1,21,0.5127875208854675,0.3435978293418884,-0.9596694707870485
13,1,22,0.4752759039402008,0.314663827419281,-0.9124549627304076
13,1,23,0.4897035360336303,0.3831027150154114,-0.8460795879364014
14,0,0,0.8193410038948059,0.4960335195064544,2.198212882831285e-07
14,0,1,0.8469563126564026,0.4669099450111389,-0.0024388623423874
14,0,2,0.8618682026863098,0.4302580952644348,-0.0088487891480326
14,0,3,0.8758700489997864,0.3980304002761841,-0.0156752187758684
14,0,4,0.8967248201370239,0.380379855632782,-0.0237964112311601
14,0,5,0.8500126004219055,0.3970255851745605,-0.0225130319595336
14,0,6,0.8499908447265625,0.3467088937759399,-0.0351368971168994
14,0,7,0.8461418151855469,0.3128705620765686,-0.0423311926424503
14,0,8,0.8411181569099426,0.2861151993274688,-0.0474352054297924
14,0,9,0.8279122114181519,0.3987157344818115,-0.0298636127263307
14,0,10,0.8243296146392822,0.3435900807380676,-0.0412258766591548
14,0,11,0.8190427422523499,0.3061176836490631,-0.0476881898939609
14,0,12,0.8132032752037048,0.2774067223072052,-0.0527496747672557
14,0,13,0.8034543395042419,0.4087603092193603,-0.0364744365215301
14,0,14,0.7941562533378601,0.3597131371498108,-0.0476036742329597
14,0,15,0.7865464091300964,0.3269535005092621,-0.0555867105722427
14,0,16,0.7805765271186829,0.3026386201381683,-0.0615238100290298
14,0,17,0.7782469987869263,0.4246983528137207,-0.0425303466618061
14,0,18,0.7572969794273376,0.3950974643230438,-0.0549564361572265
14,0,19,0.7415183782577515,0.3745031356811523,-0.0613600574433803
14,0,20,0.7279529571533203,0.3568589091300964,-0.0651478767395019
14,0,21,0.5103325247764587,0.3451759815216064,-0.8756011128425598
14,0,22,0.5401971340179443,0.3061533570289612,-0.8162887692451477
14,0,23,0.5392318964004517,0.3781145811080932,-0.7448074221611023
14,1,0,0.471210777759552,0.9080774188041688,5.11381479384454e-08
14,1,1,0.5087423920631409,0.911526083946228,-0.0019087869441136
14,1,2,0.5459699034690857,0.9308323860168456,-0.0068826507776975
14,1,3,0.5710663199424744,0.9551395177841188,-0.0118384724482893
14,1,4,0.5898338556289673,0.9742820858955384,-0.0158499013632535
14,1,5,0.5480302572250366,0.9281724095344543,-0.0151990680024027
14,1,6,0.5685122609138489,0.9591208696365356,-0.025789214298129
14,1,7,0.5715345740318298,0.9719955325126648,-0.0310053676366806
14,1,8,0.575201153755188,0.9779978394508362,-0.0336989685893058
14,1,9,0.529396116733551,0.9386844635009766,-0.0205123778432607
14,1,10,0.5482021570205688,0.9781813621520996,-0.0287946071475744
14,1,11,0.5509417653083801,0.9926096200942992,-0.0302262511104345
14,1,12,0.5532944798469543,1.00056791305542,-0.0308192074298858
14,1,13,0.5066390037536621,0.9503669142723083,-0.0256480313837528
14,1,14,0.5255333185195923,0.9910477995872498,-0.0323780737817287
14,1,15,0.5307786464691162,1.009191632270813,-0.028416221961379
14,1,16,0.535405695438385,1.021411418914795,-0.0253316964954137
14,1,17,0.483066588640213,0.9611296057701112,-0.0308581180870533
14,1,18,0.4981406629085541,0.9927401542663574,-0.0344673804938793
14,1,19,0.504772961139679,1.0097006559371948,-0.0298160072416067
14,1,20,0.5100482106208801,1.0227546691894531,-0.0259017776697874
14,1,21,0.5103325247764587,0.3451759815216064,-0.8756011128425598
14,1,22,0.4736707806587219,0.3153358697891235,-0.828860878944397
14,1,23,0.4873103201389313,0.3850892186164856,-0.7610797882080078
15,0,0,0.8191606402397156,0.4970386326313019,2.0775651421445218e-07
15,0,1,0.8463003039360046,0.4677005112171173,-0.0013731598155573
15,0,2,0.8602129220962524,0.4299801886081695,-0.0073648854158818
15,0,3,0.8739312291145325,0.3979515135288238,-0.0138318398967385
15,0,4,0.8958220481872559,0.3821453750133514,-0.0216163825243711
15,0,5,0.8494035005569458,0.3977281749248504,-0.0214560087770223
15,0,6,0.8485404849052429,0.346988171339035,-0.0331935659050941
15,0,7,0.844380259513855,0.3144480288028717,-0.0396132655441761
15,0,8,0.8394129872322083,0.2890137434005737,-0.0442310832440853
15,0,9,0.8280072808265686,0.4004005193710327,-0.0289015881717205
15,0,10,0.822704553604126,0.3445435762405395,-0.0399322994053363
15,0,11,0.8170914053916931,0.3071110546588897,-0.0462641194462776
15,0,12,0.8115764856338501,0.2784099280834198,-0.0511580295860767
15,0,13,0.8038583993911743,0.4110725522041321,-0.0354396402835845
15,0,14,0.792184591293335,0.3617774546146393,-0.0464848205447196
15,0,15,0.7841377258300781,0.3284604549407959,-0.0548517033457756
15,0,16,0.7786523103713989,0.3034996390342712,-0.0609880872070789
15,0,17,0.7788274884223938,0.4272052049636841,-0.0412239618599414
15,0,18,0.7572034597396851,0.3974393010139465,-0.0537211187183856
15,0,19,0.7410872578620911,0.3772652447223663,-0.0604046732187271
15,0,20,0.7274650931358337,0.3597554266452789,-0.0643748641014099
15,0,21,0.5100509524345398,0.3442803621292114,-0.8732283711433411
15,0,22,0.5408645868301392,0.3064101934432983,-0.816620945930481
15,0,23,0.5390020608901978,0.3763365149497986,-0.746549665927887
15,1,0,0.4753894209861755,0.912915289402008,-9.390547717202936e-08
15,1,1,0.5111954212188721,0.912832260131836,-0.0018837143434211
15,1,2,0.5494017601013184,0.9328323006629944,-0.0080164698883891
15,1,3,0.5746695399284363,0.9589152932167052,-0.0142511930316686
15,1,4,0.59254390001297,0.979871153831482,-0.0187360141426324
15,1,5,0.5480806231498718,0.929777443408966,-0.0196547266095876
15,1,6,0.5705862045288086,0.9702581763267516,-0.0334763042628765
15,1,7,0.5615362524986267,0.9746726751327516,-0.0388489849865436
15,1,8,0.5540006160736084,0.968371331691742,-0.0399922765791416
15,1,9,0.5287652611732483,0.9401269555091858,-0.0252236109226942
15,1,10,0.5519630908966064,0.9875529408454896,-0.0363854430615901
15,1,11,0.5435093641281128,0.9899561405181884,-0.0365285240113735
15,1,12,0.5349295735359192,0.982590675354004,-0.0349134020507335
15,1,13,0.5060282349586487,0.9515740871429444,-0.0304421130567789
15,1,14,0.5276468992233276,0.9970402121543884,-0.0380248688161373
15,1,15,0.5209294557571411,1.0009957551956177,-0.0308921374380588
15,1,16,0.5138609409332275,0.9969928860664368,-0.0249447990208864
15,1,17,0.4829744696617126,0.9620872139930724,-0.035682238638401
15,1,18,0.500572144985199,0.9975741505622864,-0.0389992594718933
15,1,19,0.4986253976821899,1.0036317110061646,-0.0322639010846614
15,1,20,0.4948192834854126,1.003589749336243,-0.0266646910458803
15,1,21,0.5100509524345398,0.3442803621292114,-0.8732283711433411
15,1,22,0.4740465879440307,0.3153766989707947,-0.8312526941299438
15,1,23,0.4868419468402862,0.3835283517837524,-0.7659974694252014
16,0,0,0.8182199001312256,0.4968376755714416,2.122294517903356e-07
16,0,1,0.8455496430397034,0.4664340019226074,-0.0015625329688191
16,0,2,0.8596330285072327,0.4299719929695129,-0.0083724660798907
16,0,3,0.8737451434135437,0.3988815546035766,-0.0155391991138458
16,0,4,0.8958960771560669,0.3830728232860565,-0.0241042003035545
16,0,5,0.848979651927948,0.3985248208045959,-0.023404587060213
16,0,6,0.8479762673377991,0.3483558893203735,-0.035681951791048
16,0,7,0.8433188199996948,0.3156796097755432,-0.0423472896218299
16,0,8,0.8380376696586609,0.290039449930191,-0.0470981560647487
16,0,9,0.8266686797142029,0.4008718430995941,-0.03082593716681
16,0,10,0.8215997815132141,0.3457837700843811,-0.0419551022350788
16,0,11,0.815719485282898,0.3088586330413818,-0.0479206517338752
16,0,12,0.810148298740387,0.2803964614868164,-0.0527096949517726
16,0,13,0.8019552826881409,0.4112440943717956,-0.0372629761695861
16,0,14,0.79105544090271,0.3621184825897217,-0.0479422584176063
16,0,15,0.7833670973777771,0.3294479250907898,-0.0555376559495925
16,0,16,0.7782958745956421,0.304944097995758,-0.0613186508417129
16,0,17,0.7767770290374756,0.4270324110984802,-0.0430082343518734
16,0,18,0.7549883723258972,0.3972527980804443,-0.054999940097332
16,0,19,0.7391666173934937,0.3767228126525879,-0.0612921454012393
16,0,20,0.7260510921478271,0.3587989807128906,-0.0651130676269531
16,0,21,0.509695291519165,0.3451911807060241,-0.7870453596115112
16,0,22,0.5405245423316956,0.3053959608078003,-0.7314103841781616
16,0,23,0.539512038230896,0.3771360516548157,-0.663856565952301
16,1,0,0.477146178483963,0.9125323295593262,-1.599086374426406e-08
16,1,1,0.5135201215744019,0.9148258566856384,-0.0018177814781665
16,1,2,0.5506429672241211,0.9325729608535768,-0.007540114223957
16,1,3,0.576208233833313,0.955091118812561,-0.0133151458576321
16,1,4,0.5949503183364868,0.9741689562797546,-0.0180313438177108
16,1,5,0.5466004610061646,0.9299739003181458,-0.0186308193951845
16,1,6,0.5679956674575806,0.9636628031730652,-0.0302267856895923
16,1,7,0.5644371509552002,0.9729079604148864,-0.0353664197027683
16,1,8,0.5611286163330078,0.97362619638443,-0.0375860854983329
16,1,9,0.5271415710449219,0.9396463632583618,-0.0238729938864707
16,1,10,0.5479265451431274,0.9781554937362672,-0.0321792140603065
16,1,11,0.5462184548377991,0.9866435527801514,-0.0328494012355804
16,1,12,0.5436896085739136,0.9869917631149292,-0.0333923324942588
16,1,13,0.5046220421791077,0.9502816200256348,-0.0286083705723285
16,1,14,0.523556649684906,0.9895214438438416,-0.035109844058752
16,1,15,0.5221665501594543,0.997992753982544,-0.0290811397135257
16,1,16,0.520104706287384,0.998938262462616,-0.0249108653515577
16,1,17,0.4819138944149017,0.9608727097511292,-0.0333453603088855
16,1,18,0.4983395636081695,0.99184387922287,-0.037027146667242
16,1,19,0.4991345107555389,1.0008811950683594,-0.0309273209422826
16,1,20,0.4982973933219909,1.0037764310836792,-0.0260994918644428
16,1,21,0.509695291519165,0.3451911807060241,-0.7870453596115112
16,1,22,0.472482681274414,0.3150094151496887,-0.7469130754470825
16,1,23,0.4877121150493622,0.3840600252151489,-0.6844543218612671
17,0,0,0.4747218489646911,0.914162576198578,-1.1790196197125625e-07
17,0,1,0.5109884738922119,0.9154555797576904,-0.0021526985801756
17,0,2,0.5489767789840698,0.9356056451797484,-0.0087607754394412
17,0,3,0.5747873783111572,0.9611093401908876,-0.0154401008039712
17,0,4,0.5932751893997192,0.981086015701294,-0.020201988518238
17,0,5,0.5468075275421143,0.929961323738098,-0.0215315539389848
17,0,6,0.5707119107246399,0.9708655476570128,-0.0357036776840686
17,0,7,0.5598710179328918,0.9736420512199402,-0.0409903451800346
17,0,8,0.5513569712638855,0.9651575684547424,-0.0421346202492713
17,0,9,0.5276410579681396,0.9397993683815002,-0.0270470976829528
17,0,10,0.5509051084518433,0.9861264824867249,-0.0379617102444171
17,0,11,0.5417364239692688,0.9875696897506714,-0.037730872631073
17,0,12,0.5330778956413269,0.9784829616546632,-0.0363865941762924
17,0,13,0.5050608515739441,0.9511259198188782,-0.0322382971644401
17,0,14,0.5263862609863281,0.995763897895813,-0.0396777614951133
17,0,15,0.5190719366073608,0.9989402890205384,-0.0325369387865066
17,0,16,0.5113793611526489,0.9931722283363342,-0.0269841011613607
17,0,17,0.4821998476982116,0.962189793586731,-0.0374927595257759
17,0,18,0.4992770254611969,0.9968680143356324,-0.0411265529692173
17,0,19,0.4965863525867462,1.002303957939148,-0.0349204316735267
17,0,20,0.4921183884143829,1.0007553100585938,-0.0299225226044654
17,0,21,0.5092982649803162,0.3447378277778625,-0.8768882751464844
17,0,22,0.5398530960083008,0.3057101368904114,-0.8163858652114868
17,0,23,0.5387030839920044,0.3775244355201721,-0.7454634308815002
17,1,0,0.8175467252731323,0.4986653923988342,2.045820934881704e-07
17,1,1,0.8449415564537048,0.4688785076141357,-0.0015681247459724
17,1,2,0.8584062457084656,0.4317519962787628,-0.0077525856904685
17,1,3,0.872173011302948,0.4000774323940277,-0.0143603412434458
17,1,4,0.8939387798309326,0.3833890557289123,-0.0221728514879941
17,1,5,0.8478572368621826,0.3985934853553772,-0.0213619917631149
17,1,6,0.847046434879303,0.3487782180309295,-0.0332836471498012
17,1,7,0.8423562049865723,0.3160966634750366,-0.0397801734507083
17,1,8,0.8367928266525269,0.2909242510795593,-0.0445133671164512
17,1,9,0.8259187340736389,0.3997814655303955,-0.0287943333387374
17,1,10,0.8211403489112854,0.3449952006340027,-0.0399832129478454
17,1,11,0.8146749138832092,0.3086714148521423,-0.0460956580936908
17,1,12,0.8084496855735779,0.280985027551651,-0.0507572069764137
17,1,13,0.8017594814300537,0.4095951616764068,-0.0353864766657352
17,1,14,0.7900365591049194,0.3597690165042877,-0.046211440116167
17,1,15,0.7811571955680847,0.3275807201862335,-0.0537408366799354
17,1,16,0.7752336263656616,0.3034384846687317,-0.0593588910996913
17,1,17,0.7772021293640137,0.4259569644927978,-0.0413277857005596
17,1,18,0.753755509853363,0.3974290788173675,-0.0533633530139923
17,1,19,0.7375364899635315,0.3771811127662658,-0.0596252009272575
17,1,20,0.7246206402778625,0.3591728806495666,-0.063331164419651
17,1,21,0.5092982649803162,0.3447378277778625,-0.8768882751464844
17,1,22,0.473239541053772,0.3142624497413635,-0.8297957181930542
17,1,23,0.4880547523498535,0.384634256362915,-0.76326984167099
18,0,0,0.4747218489646911,0.914162576198578,-1.1790196197125625e-07
18,0,1,0.5109884738922119,0.9154555797576904,-0.0021526985801756
18,0,2,0.5489767789840698,0.9356056451797484,-0.0087607754394412
18,0,3,0.5747873783111572,0.9611093401908876,-0.0154401008039712
18,0,4,0.5932751893997192,0.981086015701294,-0.020201988518238
18,0,5,0.5468075275421143,0.929961323738098,-0.0215315539389848
18,0,6,0.5707119107246399,0.9708655476570128,-0.0357036776840686
18,0,7,0.5598710179328918,0.9736420512199402,-0.0409903451800346
18,0,8,0.5513569712638855,0.9651575684547424,-0.0421346202492713
18,0,9,0.5276410579681396,0.9397993683815002,-0.0270470976829528
18,0,10,0.5509051084518433,0.9861264824867249,-0.0379617102444171
18,0,11,0.5417364239692688,0.9875696897506714,-0.037730872631073
18,0,12,0.5330778956413269,0.9784829616546632,-0.0363865941762924
18,0,13,0.5050608515739441,0.9511259198188782,-0.0322382971644401
18,0,14,0.5263862609863281,0.995763897895813,-0.0396777614951133
18,0,15,0.5190719366073608,0.9989402890205384,-0.0325369387865066
18,0,16,0.5113793611526489,0.9931722283363342,-0.0269841011613607
18,0,17,0.4821998476982116,0.962189793586731,-0.0374927595257759
18,0,18,0.4992770254611969,0.9968680143356324,-0.0411265529692173
18,0,19,0.4965863525867462,1.002303957939148,-0.0349204316735267
18,0,20,0.4921183884143829,1.0007553100585938,-0.0299225226044654
18,0,21,0.5092982649803162,0.3447378277778625,-0.8768882751464844
18,0,22,0.5398530960083008,0.3057101368904114,-0.8163858652114868
18,0,23,0.5387030839920044,0.3775244355201721,-0.7454634308815002
18,1,0,0.8175467252731323,0.4986653923988342,2.045820934881704e-07
18,1,1,0.8449415564537048,0.4688785076141357,-0.0015681247459724
18,1,2,0.8584062457084656,0.4317519962787628,-0.0077525856904685
18,1,3,0.872173011302948,0.4000774323940277,-0.0143603412434458
18,1,4,0.8939387798309326,0.3833890557289123,-0.0221728514879941
18,1,5,0.8478572368621826,0.3985934853553772,-0.0213619917631149
18,1,6,0.847046434879303,0.3487782180309295,-0.0332836471498012
18,1,7,0.8423562049865723,0.3160966634750366,-0.0397801734507083
18,1,8,0.8367928266525269,0.2909242510795593,-0.0445133671164512
18,1,9,0.8259187340736389,0.3997814655303955,-0.0287943333387374
18,1,10,0.8211403489112854,0.3449952006340027,-0.0399832129478454
18,1,11,0.8146749138832092,0.3086714148521423,-0.0460956580936908
18,1,12,0.8084496855735779,0.280985027551651,-0.0507572069764137
18,1,13,0.8017594814300537,0.4095951616764068,-0.0353864766657352
18,1,14,0.7900365591049194,0.3597690165042877,-0.046211440116167
18,1,15,0.7811571955680847,0.3275807201862335,-0.0537408366799354
18,1,16,0.7752336263656616,0.3034384846687317,-0.0593588910996913
18,1,17,0.7772021293640137,0.4259569644927978,-0.0413277857005596
18,1,18,0.753755509853363,0.3974290788173675,-0.0533633530139923
18,1,19,0.7375364899635315,0.3771811127662658,-0.0596252009272575
18,1,20,0.7246206402778625,0.3591728806495666,-0.063331164419651
18,1,21,0.5092982649803162,0.3447378277778625,-0.8768882751464844
18,1,22,0.473239541053772,0.3142624497413635,-0.8297957181930542
18,1,23,0.4880547523498535,0.384634256362915,-0.76326984167099
19,0,0,0.4747218489646911,0.914162576198578,-1.1790196197125625e-07
19,0,1,0.5109884738922119,0.9154555797576904,-0.0021526985801756
19,0,2,0.5489767789840698,0.9356056451797484,-0.0087607754394412
19,0,3,0.5747873783111572,0.9611093401908876,-0.0154401008039712
19,0,4,0.5932751893997192,0.981086015701294,-0.020201988518238
19,0,5,0.5468075275421143,0.929961323738098,-0.0215315539389848
19,0,6,0.5707119107246399,0.9708655476570128,-0.0357036776840686
19,0,7,0.5598710179328918,0.9736420512199402,-0.0409903451800346
19,0,8,0.5513569712638855,0.9651575684547424,-0.0421346202492713
19,0,9,0.5276410579681396,0.9397993683815002,-0.0270470976829528
19,0,10,0.5509051084518433,0.9861264824867249,-0.0379617102444171
19,0,11,0.5417364239692688,0.9875696897506714,-0.037730872631073
19,0,12,0.5330778956413269,0.9784829616546632,-0.0363865941762924
19,0,13,0.5050608515739441,0.9511259198188782,-0.0322382971644401
19,0,14,0.5263862609863281,0.995763897895813,-0.0396777614951133
19,0,15,0.5190719366073608,0.9989402890205384,-0.0325369387865066
19,0,16,0.5113793611526489,0.9931722283363342,-0.0269841011613607
19,0,17,0.4821998476982116,0.962189793586731,-0.0374927595257759
19,0,18,0.4992770254611969,0.9968680143356324,-0.0411265529692173
19,0,19,0.4965863525867462,1.002303957939148,-0.0349204316735267
19,0,20,0.4921183884143829,1.0007553100585938,-0.0299225226044654
19,0,21,0.5092982649803162,0.3447378277778625,-0.8768882751464844
19,0,22,0.5398530960083008,0.3057101368904114,-0.8163858652114868
19,0,23,0.5387030839920044,0.3775244355201721,-0.7454634308815002
19,1,0,0.8175467252731323,0.4986653923988342,2.045820934881704e-07
19,1,1,0.8449415564537048,0.4688785076141357,-0.0015681247459724
19,1,2,0.8584062457084656,0.4317519962787628,-0.0077525856904685
19,1,3,0.872173011302948,0.4000774323940277,-0.0143603412434458
19,1,4,0.8939387798309326,0.3833890557289123,-0.0221728514879941
19,1,5,0.8478572368621826,0.3985934853553772,-0.0213619917631149
19,1,6,0.847046434879303,0.3487782180309295,-0.0332836471498012
19,1,7,0.8423562049865723,0.3160966634750366,-0.0397801734507083
19,1,8,0.8367928266525269,0.2909242510795593,-0.0445133671164512
19,1,9,0.8259187340736389,0.3997814655303955,-0.0287943333387374
19,1,10,0.8211403489112854,0.3449952006340027,-0.0399832129478454
19,1,11,0.8146749138832092,0.3086714148521423,-0.0460956580936908
19,1,12,0.8084496855735779,0.280985027551651,-0.0507572069764137
19,1,13,0.8017594814300537,0.4095951616764068,-0.0353864766657352
19,1,14,0.7900365591049194,0.3597690165042877,-0.046211440116167
19,1,15,0.7811571955680847,0.3275807201862335,-0.0537408366799354
19,1,16,0.7752336263656616,0.3034384846687317,-0.0593588910996913
19,1,17,0.7772021293640137,0.4259569644927978,-0.0413277857005596
19,1,18,0.753755509853363,0.3974290788173675,-0.0533633530139923
19,1,19,0.7375364899635315,0.3771811127662658,-0.0596252009272575
19,1,20,0.7246206402778625,0.3591728806495666,-0.063331164419651
19,1,21,0.5092982649803162,0.3447378277778625,-0.8768882751464844
19,1,22,0.473239541053772,0.3142624497413635,-0.8297957181930542
19,1,23,0.4880547523498535,0.384634256362915,-0.76326984167099
20,0,0,0.4747218489646911,0.914162576198578,-1.1790196197125625e-07
20,0,1,0.5109884738922119,0.9154555797576904,-0.0021526985801756
20,0,2,0.5489767789840698,0.9356056451797484,-0.0087607754394412
20,0,3,0.5747873783111572,0.9611093401908876,-0.0154401008039712
20,0,4,0.5932751893997192,0.981086015701294,-0.020201988518238
20,0,5,0.5468075275421143,0.929961323738098,-0.0215315539389848
20,0,6,0.5707119107246399,0.9708655476570128,-0.0357036776840686
20,0,7,0.5598710179328918,0.9736420512199402,-0.0409903451800346
20,0,8,0.5513569712638855,0.9651575684547424,-0.0421346202492713
20,0,9,0.5276410579681396,0.9397993683815002,-0.0270470976829528
20,0,10,0.5509051084518433,0.9861264824867249,-0.0379617102444171
20,0,11,0.5417364239692688,0.9875696897506714,-0.037730872631073
20,0,12,0.5330778956413269,0.9784829616546632,-0.0363865941762924
20,0,13,0.5050608515739441,0.9511259198188782,-0.0322382971644401
20,0,14,0.5263862609863281,0.995763897895813,-0.0396777614951133
20,0,15,0.5190719366073608,0.9989402890205384,-0.0325369387865066
20,0,16,0.5113793611526489,0.9931722283363342,-0.0269841011613607
20,0,17,0.4821998476982116,0.962189793586731,-0.0374927595257759
20,0,18,0.4992770254611969,0.9968680143356324,-0.0411265529692173
20,0,19,0.4965863525867462,1.002303957939148,-0.0349204316735267
20,0,20,0.4921183884143829,1.0007553100585938,-0.0299225226044654
20,0,21,0.5092982649803162,0.3447378277778625,-0.8768882751464844
20,0,22,0.5398530960083008,0.3057101368904114,-0.8163858652114868
20,0,23,0.5387030839920044,0.3775244355201721,-0.7454634308815002
20,1,0,0.8175467252731323,0.4986653923988342,2.045820934881704e-07
20,1,1,0.8449415564537048,0.4688785076141357,-0.0015681247459724
20,1,2,0.8584062457084656,0.4317519962787628,-0.0077525856904685
20,1,3,0.872173011302948,0.4000774323940277,-0.0143603412434458
20,1,4,0.8939387798309326,0.3833890557289123,-0.0221728514879941
20,1,5,0.8478572368621826,0.3985934853553772,-0.0213619917631149
20,1,6,0.847046434879303,0.3487782180309295,-0.0332836471498012
20,1,7,0.8423562049865723,0.3160966634750366,-0.0397801734507083
20,1,8,0.8367928266525269,0.2909242510795593,-0.0445133671164512
20,1,9,0.8259187340736389,0.3997814655303955,-0.0287943333387374
20,1,10,0.8211403489112854,0.3449952006340027,-0.0399832129478454
20,1,11,0.8146749138832092,0.3086714148521423,-0.0460956580936908
20,1,12,0.8084496855735779,0.280985027551651,-0.0507572069764137
20,1,13,0.8017594814300537,0.4095951616764068,-0.0353864766657352
20,1,14,0.7900365591049194,0.3597690165042877,-0.046211440116167
20,1,15,0.7811571955680847,0.3275807201862335,-0.0537408366799354
20,1,16,0.7752336263656616,0.3034384846687317,-0.0593588910996913
20,1,17,0.7772021293640137,0.4259569644927978,-0.0413277857005596
20,1,18,0.753755509853363,0.3974290788173675,-0.0533633530139923
20,1,19,0.7375364899635315,0.3771811127662658,-0.0596252009272575
20,1,20,0.7246206402778625,0.3591728806495666,-0.063331164419651
20,1,21,0.5092982649803162,0.3447378277778625,-0.8768882751464844
20,1,22,0.473239541053772,0.3142624497413635,-0.8297957181930542
20,1,23,0.4880547523498535,0.384634256362915,-0.76326984167099
